13	5	40	-60	-25	-250	10	15	12.8205
-60	-25	-243.75	0.544018	0	0
-60	-25	-231.25	0.553342	0	0
-60	-25	-218.75	0.546187	0	0
-60	-25	-206.25	0.71422	0	0
-60	-25	-193.75	0.423128	0	0
-60	-25	-181.25	0.449949	0	0
-60	-25	-168.75	0.468281	0	0
-60	-25	-156.25	-1.0253	0	0
-60	-25	-143.75	-1.0253	0	0
-60	-25	-131.25	0.683603	0	0
-60	-25	-118.75	0.727067	0	0
-60	-25	-106.25	0.959536	0	0
-60	-25	-93.75	0.708514	0	0
-60	-25	-81.25	0.895017	0	0
-60	-25	-68.75	0	0	0
-60	-25	-56.25	0	0	0
-60	-25	-43.75	0	0	0
-60	-25	-31.25	0.603714	0	0
-60	-25	-18.75	1.19392	0	0
-60	-25	-6.25	0.547336	0	0
-60	-25	6.25	1.08607	0	0
-60	-25	18.75	0.754758	0	0
-60	-25	31.25	0.811642	0	0
-60	-25	43.75	1.12122	0	0
-60	-25	56.25	0	0	0
-60	-25	68.75	0	0	0
-60	-25	81.25	-0.339912	0	0
-60	-25	93.75	0.784693	0	0
-60	-25	106.25	0.758408	0	0
-60	-25	118.75	0.710846	0	0
-60	-25	131.25	0.469442	0	0
-60	-25	143.75	0.648733	0	0
-60	-25	156.25	0.365566	0	0
-60	-25	168.75	0.788199	0	0
-60	-25	181.25	0.406552	0	0
-60	-25	193.75	0.538967	0	0
-60	-25	206.25	0.839958	0	0
-60	-25	218.75	0.572439	0	0
-60	-25	231.25	0.602861	0	0
-60	-25	243.75	0	0	0
-60	-10	-243.75	0.445009	0	0
-60	-10	-231.25	0.586105	0	0
-60	-10	-218.75	0.585945	0	0
-60	-10	-206.25	0.64762	0	0
-60	-10	-193.75	0.410399	0	0
-60	-10	-181.25	0.449433	0	0
-60	-10	-168.75	0.399014	0	0
-60	-10	-156.25	-1.52283	0	0
-60	-10	-143.75	-1.52283	0	0
-60	-10	-131.25	0.301679	0	0
-60	-10	-118.75	0.345821	0	0
-60	-10	-106.25	0.768584	0	0
-60	-10	-93.75	0.59419	0	0
-60	-10	-81.25	0.762942	0	0
-60	-10	-68.75	0	0	0
-60	-10	-56.25	0	0	0
-60	-10	-43.75	0	0	0
-60	-10	-31.25	0.532767	0	0
-60	-10	-18.75	1.08145	0	0
-60	-10	-6.25	0.415877	0	0
-60	-10	6.25	1.04985	0	0
-60	-10	18.75	0.664958	0	0
-60	-10	31.25	1.046	0	0
-60	-10	43.75	1.15923	0	0
-60	-10	56.25	0	0	0
-60	-10	68.75	0	0	0
-60	-10	81.25	-0.634779	0	0
-60	-10	93.75	0.749276	0	0
-60	-10	106.25	0.734992	0	0
-60	-10	118.75	0.666342	0	0
-60	-10	131.25	0.367282	0	0
-60	-10	143.75	0.472007	0	0
-60	-10	156.25	0.351295	0	0
-60	-10	168.75	0.784161	0	0
-60	-10	181.25	0.206224	0	0
-60	-10	193.75	0.395972	0	0
-60	-10	206.25	0.765661	0	0
-60	-10	218.75	0.545166	0	0
-60	-10	231.25	0.50873	0	0
-60	-10	243.75	0	0	0
-60	5	-243.75	0.446165	0	0
-60	5	-231.25	0.504454	0	0
-60	5	-218.75	0.586741	0	0
-60	5	-206.25	0.636144	0	0
-60	5	-193.75	0.319379	0	0
-60	5	-181.25	0.570867	0	0
-60	5	-168.75	0.635045	0	0
-60	5	-156.25	-1.52985	0	0
-60	5	-143.75	-1.50294	0	0
-60	5	-131.25	-0.578227	0	0
-60	5	-118.75	0.223859	0	0
-60	5	-106.25	0.675731	0	0
-60	5	-93.75	0.459382	0	0
-60	5	-81.25	0.62186	0	0
-60	5	-68.75	0	0	0
-60	5	-56.25	0	0	0
-60	5	-43.75	0	0	0
-60	5	-31.25	0.47922	0	0
-60	5	-18.75	1.08112	0	0
-60	5	-6.25	0.382458	0	0
-60	5	6.25	1.02367	0	0
-60	5	18.75	0.632205	0	0
-60	5	31.25	0.710405	0	0
-60	5	43.75	0.934117	0	0
-60	5	56.25	0	0	0
-60	5	68.75	0	0	0
-60	5	81.25	-0.618793	0	0
-60	5	93.75	0.799539	0	0
-60	5	106.25	0.778482	0	0
-60	5	118.75	0.740531	0	0
-60	5	131.25	0.436321	0	0
-60	5	143.75	0.600857	0	0
-60	5	156.25	0.428401	0	0
-60	5	168.75	0.83948	0	0
-60	5	181.25	0.299652	0	0
-60	5	193.75	0.511979	0	0
-60	5	206.25	0.830078	0	0
-60	5	218.75	0.630561	0	0
-60	5	231.25	0.626984	0	0
-60	5	243.75	0.508917	0	0
-60	20	-243.75	0.544005	0	0
-60	20	-231.25	0.611197	0	0
-60	20	-218.75	0.59097	0	0
-60	20	-206.25	0.691072	0	0
-60	20	-193.75	0.3966	0	0
-60	20	-181.25	0.536728	0	0
-60	20	-168.75	0.369639	0	0
-60	20	-156.25	-1.79804	0	0
-60	20	-143.75	-1.79804	0	0
-60	20	-131.25	0.378321	0	0
-60	20	-118.75	0.43854	0	0
-60	20	-106.25	0.789914	0	0
-60	20	-93.75	0.550068	0	0
-60	20	-81.25	0.689767	0	0
-60	20	-68.75	0	0	0
-60	20	-56.25	0	0	0
-60	20	-43.75	0	0	0
-60	20	-31.25	0.500926	0	0
-60	20	-18.75	1.12765	0	0
-60	20	-6.25	0.379524	0	0
-60	20	6.25	1.07812	0	0
-60	20	18.75	0.66171	0	0
-60	20	31.25	0.748524	0	0
-60	20	43.75	0.94111	0	0
-60	20	56.25	0	0	0
-60	20	68.75	0	0	0
-60	20	81.25	-0.572683	0	0
-60	20	93.75	0.807053	0	0
-60	20	106.25	0.785936	0	0
-60	20	118.75	0.717524	0	0
-60	20	131.25	0.386184	0	0
-60	20	143.75	0.587748	0	0
-60	20	156.25	0.425	0	0
-60	20	168.75	0.848114	0	0
-60	20	181.25	0.281268	0	0
-60	20	193.75	0.513227	0	0
-60	20	206.25	0.810878	0	0
-60	20	218.75	0.592536	0	0
-60	20	231.25	0.60796	0	0
-60	20	243.75	0	0	0
-60	35	-243.75	-0.0172651	0	0
-60	35	-231.25	0.450185	0	0
-60	35	-218.75	0.713002	0	0
-60	35	-206.25	0.622247	0	0
-60	35	-193.75	0.189529	0	0
-60	35	-181.25	0.488342	0	0
-60	35	-168.75	0.57016	0	0
-60	35	-156.25	0.151071	0	0
-60	35	-143.75	-0.0241319	0	0
-60	35	-131.25	0.901273	0	0
-60	35	-118.75	0.878921	0	0
-60	35	-106.25	0.801416	0	0
-60	35	-93.75	0.514025	0	0
-60	35	-81.25	0.882053	0	0
-60	35	-68.75	0	0	0
-60	35	-56.25	0	0	0
-60	35	-43.75	0	0	0
-60	35	-31.25	0.563643	0	0
-60	35	-18.75	1.12957	0	0
-60	35	-6.25	0.445537	0	0
-60	35	6.25	1.06201	0	0
-60	35	18.75	0.594942	0	0
-60	35	31.25	0.693166	0	0
-60	35	43.75	0.958095	0	0
-60	35	56.25	0	0	0
-60	35	68.75	0	0	0
-60	35	81.25	-0.412587	0	0
-60	35	93.75	0.807419	0	0
-60	35	106.25	0.790304	0	0
-60	35	118.75	0.714598	0	0
-60	35	131.25	0.417036	0	0
-60	35	143.75	0.558333	0	0
-60	35	156.25	0.347243	0	0
-60	35	168.75	0.88993	0	0
-60	35	181.25	0.229981	0	0
-60	35	193.75	0.449038	0	0
-60	35	206.25	0.796256	0	0
-60	35	218.75	0.474154	0	0
-60	35	231.25	0.595765	0	0
-60	35	243.75	0	0	0
-50	-25	-243.75	0.888002	0	0
-50	-25	-231.25	0.280857	0	0
-50	-25	-218.75	0.252351	0	0
-50	-25	-206.25	0.566867	0	0
-50	-25	-193.75	0.409313	0	0
-50	-25	-181.25	0.476034	0	0
-50	-25	-168.75	0.820046	0	0
-50	-25	-156.25	-0.145164	0	0
-50	-25	-143.75	-0.429087	0	0
-50	-25	-131.25	0.568844	0	0
-50	-25	-118.75	0.73897	0	0
-50	-25	-106.25	0.51368	0	0
-50	-25	-93.75	0.846227	0	0
-50	-25	-81.25	0.899774	0	0
-50	-25	-68.75	0.052556	0	0
-50	-25	-56.25	0	0	0
-50	-25	-43.75	0	0	0
-50	-25	-31.25	0.861433	0	0
-50	-25	-18.75	0.576112	0	0
-50	-25	-6.25	0.947808	0	0
-50	-25	6.25	1.02647	0	0
-50	-25	18.75	0.868675	0	0
-50	-25	31.25	1.29747	0	0
-50	-25	43.75	0	0	0
-50	-25	56.25	0	0	0
-50	-25	68.75	-0.312745	0	0
-50	-25	81.25	0.846141	0	0
-50	-25	93.75	0.833174	0	0
-50	-25	106.25	0.822536	0	0
-50	-25	118.75	0.473307	0	0
-50	-25	131.25	0.565072	0	0
-50	-25	143.75	0.813013	0	0
-50	-25	156.25	0.652251	0	0
-50	-25	168.75	0.634704	0	0
-50	-25	181.25	0.258214	0	0
-50	-25	193.75	0.322211	0	0
-50	-25	206.25	0.796167	0	0
-50	-25	218.75	0.444202	0	0
-50	-25	231.25	0.360972	0	0
-50	-25	243.75	0.386191	0	0
-50	-10	-243.75	0.566691	0	0
-50	-10	-231.25	-0.151872	0	0
-50	-10	-218.75	-0.168281	0	0
-50	-10	-206.25	0.151603	0	0
-50	-10	-193.75	0.0407099	0	0
-50	-10	-181.25	0.0477954	0	0
-50	-10	-168.75	0.0550732	0	0
-50	-10	-156.25	-1.13692	0	0
-50	-10	-143.75	-1.13692	0	0
-50	-10	-131.25	0.176736	0	0
-50	-10	-118.75	0.233711	0	0
-50	-10	-106.25	0.177325	0	0
-50	-10	-93.75	0.367283	0	0
-50	-10	-81.25	0.430604	0	0
-50	-10	-68.75	-0.546801	0	0
-50	-10	-56.25	0	0	0
-50	-10	-43.75	0	0	0
-50	-10	-31.25	0.792744	0	0
-50	-10	-18.75	0.199337	0	0
-50	-10	-6.25	0.27841	0	0
-50	-10	6.25	0.403312	0	0
-50	-10	18.75	0.325296	0	0
-50	-10	31.25	1.51464	0	0
-50	-10	43.75	1.51464	0	0
-50	-10	56.25	0	0	0
-50	-10	68.75	0.09896	0	0
-50	-10	81.25	0.48128	0	0
-50	-10	93.75	0.330254	0	0
-50	-10	106.25	0.172248	0	0
-50	-10	118.75	-0.0838359	0	0
-50	-10	131.25	0.152736	0	0
-50	-10	143.75	0.236598	0	0
-50	-10	156.25	0.282787	0	0
-50	-10	168.75	0.00798269	0	0
-50	-10	181.25	-0.0831735	0	0
-50	-10	193.75	0.00649727	0	0
-50	-10	206.25	0.308035	0	0
-50	-10	218.75	0.00317855	0	0
-50	-10	231.25	-0.052985	0	0
-50	-10	243.75	0.0306423	0	0
-50	5	-243.75	0.445797	0	0
-50	5	-231.25	-0.153485	0	0
-50	5	-218.75	-0.15808	0	0
-50	5	-206.25	0.197126	0	0
-50	5	-193.75	0.0986176	0	0
-50	5	-181.25	0.0763623	0	0
-50	5	-168.75	0.094805	0	0
-50	5	-156.25	-1.82457	0	0
-50	5	-143.75	-1.95432	0	0
-50	5	-131.25	-1.86066	0	0
-50	5	-118.75	0.428023	0	0
-50	5	-106.25	0.415468	0	0
-50	5	-93.75	0.456934	0	0
-50	5	-81.25	0.610817	0	0
-50	5	-68.75	-0.271141	0	0
-50	5	-56.25	0	0	0
-50	5	-43.75	0	0	0
-50	5	-31.25	0.967993	0	0
-50	5	-18.75	0.273938	0	0
-50	5	-6.25	0.367154	0	0
-50	5	6.25	0.560685	0	0
-50	5	18.75	0.46333	0	0
-50	5	31.25	1.60703	0	0
-50	5	43.75	1.60703	0	0
-50	5	56.25	0	0	0
-50	5	68.75	0.196242	0	0
-50	5	81.25	0.599629	0	0
-50	5	93.75	0.438503	0	0
-50	5	106.25	0.227925	0	0
-50	5	118.75	-0.0143869	0	0
-50	5	131.25	0.239219	0	0
-50	5	143.75	0.360623	0	0
-50	5	156.25	0.362098	0	0
-50	5	168.75	0.0755919	0	0
-50	5	181.25	0.122873	0	0
-50	5	193.75	0.0969236	0	0
-50	5	206.25	0.372096	0	0
-50	5	218.75	0.114076	0	0
-50	5	231.25	-0.0923905	0	0
-50	5	243.75	0.0724139	0	0
-50	20	-243.75	0.528874	0	0
-50	20	-231.25	-0.108901	0	0
-50	20	-218.75	-0.170042	0	0
-50	20	-206.25	0.218264	0	0
-50	20	-193.75	0.0247923	0	0
-50	20	-181.25	-0.0697381	0	0
-50	20	-168.75	-0.0676511	0	0
-50	20	-156.25	-1.95009	0	0
-50	20	-143.75	-2.08687	0	0
-50	20	-131.25	-1.96017	0	0
-50	20	-118.75	0.343097	0	0
-50	20	-106.25	0.33053	0	0
-50	20	-93.75	0.39623	0	0
-50	20	-81.25	0.561569	0	0
-50	20	-68.75	-0.423157	0	0
-50	20	-56.25	0	0	0
-50	20	-43.75	0	0	0
-50	20	-31.25	0.907492	0	0
-50	20	-18.75	0.260122	0	0
-50	20	-6.25	0.367846	0	0
-50	20	6.25	0.5295	0	0
-50	20	18.75	0.435207	0	0
-50	20	31.25	1.66977	0	0
-50	20	43.75	1.66977	0	0
-50	20	56.25	0	0	0
-50	20	68.75	0.116071	0	0
-50	20	81.25	0.561036	0	0
-50	20	93.75	0.394103	0	0
-50	20	106.25	0.16876	0	0
-50	20	118.75	-0.0918314	0	0
-50	20	131.25	0.224063	0	0
-50	20	143.75	0.275035	0	0
-50	20	156.25	0.265651	0	0
-50	20	168.75	0.013197	0	0
-50	20	181.25	0.0586549	0	0
-50	20	193.75	-0.000708458	0	0
-50	20	206.25	0.33975	0	0
-50	20	218.75	0.0157744	0	0
-50	20	231.25	-0.112711	0	0
-50	20	243.75	-0.0193613	0	0
-50	35	-243.75	0.921453	0	0
-50	35	-231.25	-0.0686581	0	0
-50	35	-218.75	-0.145745	0	0
-50	35	-206.25	0.258088	0	0
-50	35	-193.75	0.301847	0	0
-50	35	-181.25	0.000967513	0	0
-50	35	-168.75	-0.0310038	0	0
-50	35	-156.25	-0.993279	0	0
-50	35	-143.75	-1.10085	0	0
-50	35	-131.25	0.410812	0	0
-50	35	-118.75	0.461312	0	0
-50	35	-106.25	0.241268	0	0
-50	35	-93.75	0.417194	0	0
-50	35	-81.25	0.580486	0	0
-50	35	-68.75	-0.307697	0	0
-50	35	-56.25	0	0	0
-50	35	-43.75	0	0	0
-50	35	-31.25	0.825554	0	0
-50	35	-18.75	0.134983	0	0
-50	35	-6.25	0.217613	0	0
-50	35	6.25	0.44545	0	0
-50	35	18.75	0.347396	0	0
-50	35	31.25	1.51747	0	0
-50	35	43.75	1.51747	0	0
-50	35	56.25	0	0	0
-50	35	68.75	0.000136552	0	0
-50	35	81.25	0.518872	0	0
-50	35	93.75	0.375619	0	0
-50	35	106.25	0.175623	0	0
-50	35	118.75	-0.0663778	0	0
-50	35	131.25	0.0530978	0	0
-50	35	143.75	0.316265	0	0
-50	35	156.25	0.287477	0	0
-50	35	168.75	-0.146558	0	0
-50	35	181.25	-0.0625188	0	0
-50	35	193.75	-0.0415136	0	0
-50	35	206.25	0.278022	0	0
-50	35	218.75	-0.00327146	0	0
-50	35	231.25	-0.242777	0	0
-50	35	243.75	-0.0802342	0	0
-40	-25	-243.75	0	0	0
-40	-25	-231.25	0.0525858	0	0
-40	-25	-218.75	0.298473	0	0
-40	-25	-206.25	0.448521	0	0
-40	-25	-193.75	0.729317	0	0
-40	-25	-181.25	0.799958	0	0
-40	-25	-168.75	0.801608	0	0
-40	-25	-156.25	-0.473297	0	0
-40	-25	-143.75	-0.446369	0	0
-40	-25	-131.25	0.485329	0	0
-40	-25	-118.75	0.590297	0	0
-40	-25	-106.25	0.957087	0	0
-40	-25	-93.75	0.920373	0	0
-40	-25	-81.25	0.807671	0	0
-40	-25	-68.75	0.832223	0	0
-40	-25	-56.25	0.807087	0	0
-40	-25	-43.75	0	0	0
-40	-25	-31.25	1.63044	0	0
-40	-25	-18.75	0.848903	0	0
-40	-25	-6.25	0.849075	0	0
-40	-25	6.25	0.73064	0	0
-40	-25	18.75	1.05253	0	0
-40	-25	31.25	0	0	0
-40	-25	43.75	0	0	0
-40	-25	56.25	-0.265309	0	0
-40	-25	68.75	0.761078	0	0
-40	-25	81.25	0.727904	0	0
-40	-25	93.75	0.97055	0	0
-40	-25	106.25	0.71987	0	0
-40	-25	118.75	0.566938	0	0
-40	-25	131.25	0.606129	0	0
-40	-25	143.75	0.30768	0	0
-40	-25	156.25	0.794381	0	0
-40	-25	168.75	0.204086	0	0
-40	-25	181.25	0.303872	0	0
-40	-25	193.75	0.357411	0	0
-40	-25	206.25	0.222452	0	0
-40	-25	218.75	-0.101423	0	0
-40	-25	231.25	0.30059	0	0
-40	-25	243.75	0.23774	0	0
-40	-10	-243.75	0	0	0
-40	-10	-231.25	-0.285058	0	0
-40	-10	-218.75	-0.0103562	0	0
-40	-10	-206.25	0.175196	0	0
-40	-10	-193.75	0.335905	0	0
-40	-10	-181.25	0.397968	0	0
-40	-10	-168.75	0.345149	0	0
-40	-10	-156.25	-0.762615	0	0
-40	-10	-143.75	-0.746971	0	0
-40	-10	-131.25	0.250585	0	0
-40	-10	-118.75	0.387456	0	0
-40	-10	-106.25	0.544846	0	0
-40	-10	-93.75	0.495717	0	0
-40	-10	-81.25	0.264812	0	0
-40	-10	-68.75	0.345561	0	0
-40	-10	-56.25	0.422326	0	0
-40	-10	-43.75	0	0	0
-40	-10	-31.25	1.08781	0	0
-40	-10	-18.75	0.267861	0	0
-40	-10	-6.25	0.268472	0	0
-40	-10	6.25	-0.00340567	0	0
-40	-10	18.75	0.760038	0	0
-40	-10	31.25	0	0	0
-40	-10	43.75	0	0	0
-40	-10	56.25	-0.294714	0	0
-40	-10	68.75	0.604736	0	0
-40	-10	81.25	0.236218	0	0
-40	-10	93.75	0.333718	0	0
-40	-10	106.25	0.0145469	0	0
-40	-10	118.75	0.184099	0	0
-40	-10	131.25	0.137341	0	0
-40	-10	143.75	-0.117233	0	0
-40	-10	156.25	0.324578	0	0
-40	-10	168.75	-0.149051	0	0
-40	-10	181.25	0.0581051	0	0
-40	-10	193.75	0.0065563	0	0
-40	-10	206.25	-0.0918998	0	0
-40	-10	218.75	-0.583973	0	0
-40	-10	231.25	-0.0362557	0	0
-40	-10	243.75	0.0948957	0	0
-40	5	-243.75	0	0	0
-40	5	-231.25	-0.158161	0	0
-40	5	-218.75	0.146234	0	0
-40	5	-206.25	0.298812	0	0
-40	5	-193.75	0.460432	0	0
-40	5	-181.25	0.588436	0	0
-40	5	-168.75	0.1511	0	0
-40	5	-156.25	0.141059	0	0
-40	5	-143.75	-0.145155	0	0
-40	5	-131.25	0.355126	0	0
-40	5	-118.75	0.593398	0	0
-40	5	-106.25	0.690608	0	0
-40	5	-93.75	0.595795	0	0
-40	5	-81.25	0.377325	0	0
-40	5	-68.75	0.406579	0	0
-40	5	-56.25	0.481479	0	0
-40	5	-43.75	0	0	0
-40	5	-31.25	1.06819	0	0
-40	5	-18.75	0.274758	0	0
-40	5	-6.25	0.275232	0	0
-40	5	6.25	-0.0193873	0	0
-40	5	18.75	0.758574	0	0
-40	5	31.25	0	0	0
-40	5	43.75	-0	0	0
-40	5	56.25	-0.441348	0	0
-40	5	68.75	0.52684	0	0
-40	5	81.25	0.205637	0	0
-40	5	93.75	0.347175	0	0
-40	5	106.25	0.0322351	0	0
-40	5	118.75	0.220901	0	0
-40	5	131.25	0.154838	0	0
-40	5	143.75	-0.0798476	0	0
-40	5	156.25	0.308423	0	0
-40	5	168.75	-0.147047	0	0
-40	5	181.25	0.105924	0	0
-40	5	193.75	-0.0279175	0	0
-40	5	206.25	-0.106921	0	0
-40	5	218.75	-0.621979	0	0
-40	5	231.25	-0.0185902	0	0
-40	5	243.75	0.0251344	0	0
-40	20	-243.75	0	0	0
-40	20	-231.25	-0.178757	0	0
-40	20	-218.75	0.103527	0	0
-40	20	-206.25	0.269387	0	0
-40	20	-193.75	0.430873	0	0
-40	20	-181.25	0.558383	0	0
-40	20	-168.75	0.0735316	0	0
-40	20	-156.25	-0.350272	0	0
-40	20	-143.75	-0.0485808	0	0
-40	20	-131.25	0.633967	0	0
-40	20	-118.75	0.755638	0	0
-40	20	-106.25	0.671314	0	0
-40	20	-93.75	0.56258	0	0
-40	20	-81.25	0.328199	0	0
-40	20	-68.75	0.368352	0	0
-40	20	-56.25	0.44105	0	0
-40	20	-43.75	0	0	0
-40	20	-31.25	1.11773	0	0
-40	20	-18.75	0.188365	0	0
-40	20	-6.25	0.188712	0	0
-40	20	6.25	-0.0820714	0	0
-40	20	18.75	0.705258	0	0
-40	20	31.25	0	0	0
-40	20	43.75	-0	0	0
-40	20	56.25	-0.502688	0	0
-40	20	68.75	0.454181	0	0
-40	20	81.25	0.117489	0	0
-40	20	93.75	0.305545	0	0
-40	20	106.25	0.0351608	0	0
-40	20	118.75	0.196433	0	0
-40	20	131.25	0.135879	0	0
-40	20	143.75	-0.0984281	0	0
-40	20	156.25	0.318365	0	0
-40	20	168.75	-0.199845	0	0
-40	20	181.25	0.0528925	0	0
-40	20	193.75	-0.0568196	0	0
-40	20	206.25	-0.126758	0	0
-40	20	218.75	-0.619633	0	0
-40	20	231.25	0.011092	0	0
-40	20	243.75	0.0345773	0	0
-40	35	-243.75	0	0	0
-40	35	-231.25	-0.163422	0	0
-40	35	-218.75	0.173363	0	0
-40	35	-206.25	0.132815	0	0
-40	35	-193.75	0.266153	0	0
-40	35	-181.25	0.361155	0	0
-40	35	-168.75	-0.160075	0	0
-40	35	-156.25	-0.970874	0	0
-40	35	-143.75	-0.640552	0	0
-40	35	-131.25	0.18037	0	0
-40	35	-118.75	0.279356	0	0
-40	35	-106.25	0.403077	0	0
-40	35	-93.75	0.450119	0	0
-40	35	-81.25	0.155467	0	0
-40	35	-68.75	0.288675	0	0
-40	35	-56.25	0.303203	0	0
-40	35	-43.75	0	0	0
-40	35	-31.25	1.11116	0	0
-40	35	-18.75	0.0212852	0	0
-40	35	-6.25	0.0201607	0	0
-40	35	6.25	-0.179195	0	0
-40	35	18.75	0.568019	0	0
-40	35	31.25	0	0	0
-40	35	43.75	-0	0	0
-40	35	56.25	-0.533066	0	0
-40	35	68.75	0.369311	0	0
-40	35	81.25	0.0978758	0	0
-40	35	93.75	0.345354	0	0
-40	35	106.25	-0.0496502	0	0
-40	35	118.75	0.0864225	0	0
-40	35	131.25	0.0107366	0	0
-40	35	143.75	-0.144523	0	0
-40	35	156.25	0.255512	0	0
-40	35	168.75	-0.265176	0	0
-40	35	181.25	0.0220113	0	0
-40	35	193.75	-0.244129	0	0
-40	35	206.25	-0.139848	0	0
-40	35	218.75	-0.646017	0	0
-40	35	231.25	-0.00586197	0	0
-40	35	243.75	-0.0529477	0	0
-30	-25	-243.75	-0.465347	0	0
-30	-25	-231.25	-0.103302	0	0
-30	-25	-218.75	0.0953516	0	0
-30	-25	-206.25	0.135027	0	0
-30	-25	-193.75	0.253016	0	0
-30	-25	-181.25	0.526643	0	0
-30	-25	-168.75	0.802824	0	0
-30	-25	-156.25	0	0	0
-30	-25	-143.75	0	0	0
-30	-25	-131.25	0	0	0
-30	-25	-118.75	0.612481	0	0
-30	-25	-106.25	0.594222	0	0
-30	-25	-93.75	0.608509	0	0
-30	-25	-81.25	0.549676	0	0
-30	-25	-68.75	0.526118	0	0
-30	-25	-56.25	0.489453	0	0
-30	-25	-43.75	-0.446347	0	0
-30	-25	-31.25	0	0	0
-30	-25	-18.75	0	0	0
-30	-25	-6.25	1.38095	0	0
-30	-25	6.25	1.38095	0	0
-30	-25	18.75	0	0	0
-30	-25	31.25	-0	0	0
-30	-25	43.75	-0.587452	0	0
-30	-25	56.25	0.648643	0	0
-30	-25	68.75	0.637123	0	0
-30	-25	81.25	0.782637	0	0
-30	-25	93.75	0.415604	0	0
-30	-25	106.25	0.71616	0	0
-30	-25	118.75	0.377756	0	0
-30	-25	131.25	0.380872	0	0
-30	-25	143.75	0.37631	0	0
-30	-25	156.25	0.228769	0	0
-30	-25	168.75	-0.19847	0	0
-30	-25	181.25	0.0578194	0	0
-30	-25	193.75	0.00485373	0	0
-30	-25	206.25	-0.0770457	0	0
-30	-25	218.75	-0.414753	0	0
-30	-25	231.25	0.0378001	0	0
-30	-25	243.75	-0.106224	0	0
-30	-10	-243.75	-0.493238	0	0
-30	-10	-231.25	-0.246163	0	0
-30	-10	-218.75	-0.0310712	0	0
-30	-10	-206.25	-0.00910851	0	0
-30	-10	-193.75	0.0062008	0	0
-30	-10	-181.25	0.273001	0	0
-30	-10	-168.75	0.706158	0	0
-30	-10	-156.25	0	0	0
-30	-10	-143.75	0	0	0
-30	-10	-131.25	0	0	0
-30	-10	-118.75	0.584301	0	0
-30	-10	-106.25	0.24268	0	0
-30	-10	-93.75	0.172614	0	0
-30	-10	-81.25	-0.0475506	0	0
-30	-10	-68.75	-0.102277	0	0
-30	-10	-56.25	-0.0825228	0	0
-30	-10	-43.75	-0.555719	0	0
-30	-10	-31.25	0	0	0
-30	-10	-18.75	0	0	0
-30	-10	-6.25	0.976136	0	0
-30	-10	6.25	0.581245	0	0
-30	-10	18.75	0.80257	0	0
-30	-10	31.25	0	0	0
-30	-10	43.75	0.329327	0	0
-30	-10	56.25	0.469394	0	0
-30	-10	68.75	0.0867102	0	0
-30	-10	81.25	0.104011	0	0
-30	-10	93.75	-0.347287	0	0
-30	-10	106.25	0.113668	0	0
-30	-10	118.75	-0.0770516	0	0
-30	-10	131.25	-0.183106	0	0
-30	-10	143.75	-0.154448	0	0
-30	-10	156.25	-0.368447	0	0
-30	-10	168.75	-0.321858	0	0
-30	-10	181.25	-0.259895	0	0
-30	-10	193.75	-0.307083	0	0
-30	-10	206.25	-0.394499	0	0
-30	-10	218.75	-0.68468	0	0
-30	-10	231.25	-0.0527586	0	0
-30	-10	243.75	-0.340236	0	0
-30	5	-243.75	-0.444307	0	0
-30	5	-231.25	-0.19739	0	0
-30	5	-218.75	0.0176588	0	0
-30	5	-206.25	-0.0190005	0	0
-30	5	-193.75	0.0164634	0	0
-30	5	-181.25	0.240011	0	0
-30	5	-168.75	0.580412	0	0
-30	5	-156.25	0	0	0
-30	5	-143.75	0	0	0
-30	5	-131.25	0	0	0
-30	5	-118.75	0.498374	0	0
-30	5	-106.25	0.199255	0	0
-30	5	-93.75	0.14123	0	0
-30	5	-81.25	-0.0452897	0	0
-30	5	-68.75	-0.071811	0	0
-30	5	-56.25	-0.0793311	0	0
-30	5	-43.75	-0.588772	0	0
-30	5	-31.25	0	0	0
-30	5	-18.75	0	0	0
-30	5	-6.25	0.848134	0	0
-30	5	6.25	0.614678	0	0
-30	5	18.75	0.730332	0	0
-30	5	31.25	0	0	0
-30	5	43.75	0.329813	0	0
-30	5	56.25	0.436562	0	0
-30	5	68.75	-0.0101719	0	0
-30	5	81.25	0.0302519	0	0
-30	5	93.75	-0.437134	0	0
-30	5	106.25	0.0842351	0	0
-30	5	118.75	-0.0837071	0	0
-30	5	131.25	-0.153621	0	0
-30	5	143.75	-0.165958	0	0
-30	5	156.25	-0.386456	0	0
-30	5	168.75	-0.299778	0	0
-30	5	181.25	-0.275635	0	0
-30	5	193.75	-0.324567	0	0
-30	5	206.25	-0.423007	0	0
-30	5	218.75	-0.717186	0	0
-30	5	231.25	-0.097391	0	0
-30	5	243.75	-0.33622	0	0
-30	20	-243.75	-0.46559	0	0
-30	20	-231.25	-0.177753	0	0
-30	20	-218.75	0.0169642	0	0
-30	20	-206.25	-0.0881855	0	0
-30	20	-193.75	-0.0362361	0	0
-30	20	-181.25	0.193914	0	0
-30	20	-168.75	0.537758	0	0
-30	20	-156.25	0	0	0
-30	20	-143.75	0	0	0
-30	20	-131.25	0	0	0
-30	20	-118.75	0.608955	0	0
-30	20	-106.25	0.18365	0	0
-30	20	-93.75	0.142905	0	0
-30	20	-81.25	-0.071764	0	0
-30	20	-68.75	-0.101015	0	0
-30	20	-56.25	-0.109112	0	0
-30	20	-43.75	-0.56705	0	0
-30	20	-31.25	0	0	0
-30	20	-18.75	0	0	0
-30	20	-6.25	1.05595	0	0
-30	20	6.25	1.00213	0	0
-30	20	18.75	0.815155	0	0
-30	20	31.25	0	0	0
-30	20	43.75	0.355151	0	0
-30	20	56.25	0.439956	0	0
-30	20	68.75	-0.0191929	0	0
-30	20	81.25	0.0869095	0	0
-30	20	93.75	-0.466076	0	0
-30	20	106.25	0.172914	0	0
-30	20	118.75	-0.0767554	0	0
-30	20	131.25	-0.13298	0	0
-30	20	143.75	-0.152479	0	0
-30	20	156.25	-0.400486	0	0
-30	20	168.75	-0.342408	0	0
-30	20	181.25	-0.266958	0	0
-30	20	193.75	-0.283049	0	0
-30	20	206.25	-0.384697	0	0
-30	20	218.75	-0.739755	0	0
-30	20	231.25	-0.0370495	0	0
-30	20	243.75	-0.27799	0	0
-30	35	-243.75	-0.622353	0	0
-30	35	-231.25	-0.276661	0	0
-30	35	-218.75	0.0599389	0	0
-30	35	-206.25	-0.107374	0	0
-30	35	-193.75	0.0466058	0	0
-30	35	-181.25	0.136514	0	0
-30	35	-168.75	0.403921	0	0
-30	35	-156.25	0	0	0
-30	35	-143.75	0	0	0
-30	35	-131.25	0	0	0
-30	35	-118.75	0.262025	0	0
-30	35	-106.25	0.13714	0	0
-30	35	-93.75	0.111602	0	0
-30	35	-81.25	-0.05829	0	0
-30	35	-68.75	-0.0334846	0	0
-30	35	-56.25	-0.0361807	0	0
-30	35	-43.75	-0.450253	0	0
-30	35	-31.25	0	0	0
-30	35	-18.75	0	0	0
-30	35	-6.25	0.773258	0	0
-30	35	6.25	0.173162	0	0
-30	35	18.75	-0	0	0
-30	35	31.25	-0	0	0
-30	35	43.75	-0.471349	0	0
-30	35	56.25	0.488729	0	0
-30	35	68.75	0.0448541	0	0
-30	35	81.25	0.279385	0	0
-30	35	93.75	-0.348553	0	0
-30	35	106.25	0.227025	0	0
-30	35	118.75	0.0324676	0	0
-30	35	131.25	0.11803	0	0
-30	35	143.75	-0.0473477	0	0
-30	35	156.25	-0.35301	0	0
-30	35	168.75	-0.215969	0	0
-30	35	181.25	-0.136124	0	0
-30	35	193.75	-0.253045	0	0
-30	35	206.25	-0.240724	0	0
-30	35	218.75	-0.726194	0	0
-30	35	231.25	0.00734251	0	0
-30	35	243.75	-0.114484	0	0
-20	-25	-243.75	-0.693531	0	0
-20	-25	-231.25	-0.396078	0	0
-20	-25	-218.75	-0.125553	0	0
-20	-25	-206.25	0.167091	0	0
-20	-25	-193.75	0.475257	0	0
-20	-25	-181.25	0.461844	0	0
-20	-25	-168.75	0.540921	0	0
-20	-25	-156.25	0	0	0
-20	-25	-143.75	0	0	0
-20	-25	-131.25	0	0	0
-20	-25	-118.75	0.717392	0	0
-20	-25	-106.25	0.585127	0	0
-20	-25	-93.75	0.573929	0	0
-20	-25	-81.25	0.543362	0	0
-20	-25	-68.75	0.584272	0	0
-20	-25	-56.25	0.79825	0	0
-20	-25	-43.75	0.859271	0	0
-20	-25	-31.25	0.295951	0	0
-20	-25	-18.75	-0	0	0
-20	-25	-6.25	0	0	0
-20	-25	6.25	4.90275	0	0
-20	-25	18.75	0	0	0
-20	-25	31.25	0.195732	0	0
-20	-25	43.75	0.793496	0	0
-20	-25	56.25	0.814616	0	0
-20	-25	68.75	0.584236	0	0
-20	-25	81.25	0.748272	0	0
-20	-25	93.75	0.438809	0	0
-20	-25	106.25	0.257151	0	0
-20	-25	118.75	0.533561	0	0
-20	-25	131.25	0.0798856	0	0
-20	-25	143.75	0.221203	0	0
-20	-25	156.25	0.207406	0	0
-20	-25	168.75	-0.104453	0	0
-20	-25	181.25	-0.0889936	0	0
-20	-25	193.75	-0.37834	0	0
-20	-25	206.25	-0.540552	0	0
-20	-25	218.75	-0.49103	0	0
-20	-25	231.25	-1.11957	0	0
-20	-25	243.75	-0.402215	0	0
-20	-10	-243.75	-0.50478	0	0
-20	-10	-231.25	-0.165395	0	0
-20	-10	-218.75	-0.0803411	0	0
-20	-10	-206.25	0.0036666	0	0
-20	-10	-193.75	0.129246	0	0
-20	-10	-181.25	0.00769205	0	0
-20	-10	-168.75	0.128999	0	0
-20	-10	-156.25	0	0	0
-20	-10	-143.75	0	0	0
-20	-10	-131.25	0	0	0
-20	-10	-118.75	0.392608	0	0
-20	-10	-106.25	0.188626	0	0
-20	-10	-93.75	0.0499952	0	0
-20	-10	-81.25	-0.0424093	0	0
-20	-10	-68.75	0.121081	0	0
-20	-10	-56.25	0.258329	0	0
-20	-10	-43.75	0.343279	0	0
-20	-10	-31.25	-0.0524554	0	0
-20	-10	-18.75	-0	0	0
-20	-10	-6.25	0	0	0
-20	-10	6.25	3.25609	0	0
-20	-10	18.75	0	0	0
-20	-10	31.25	0.454422	0	0
-20	-10	43.75	0.739678	0	0
-20	-10	56.25	0.37571	0	0
-20	-10	68.75	0.055999	0	0
-20	-10	81.25	0.0395527	0	0
-20	-10	93.75	-0.00819456	0	0
-20	-10	106.25	-0.306574	0	0
-20	-10	118.75	0.0928786	0	0
-20	-10	131.25	-0.219136	0	0
-20	-10	143.75	-0.0823442	0	0
-20	-10	156.25	-0.259013	0	0
-20	-10	168.75	-0.372904	0	0
-20	-10	181.25	-0.20356	0	0
-20	-10	193.75	-0.40044	0	0
-20	-10	206.25	-0.5551	0	0
-20	-10	218.75	-0.428521	0	0
-20	-10	231.25	-0.900698	0	0
-20	-10	243.75	-0.339287	0	0
-20	5	-243.75	-0.551156	0	0
-20	5	-231.25	-0.204793	0	0
-20	5	-218.75	-0.104952	0	0
-20	5	-206.25	-0.0443777	0	0
-20	5	-193.75	0.0808024	0	0
-20	5	-181.25	-0.10915	0	0
-20	5	-168.75	0.0702471	0	0
-20	5	-156.25	0	0	0
-20	5	-143.75	0	0	0
-20	5	-131.25	0	0	0
-20	5	-118.75	0.30079	0	0
-20	5	-106.25	0.123218	0	0
-20	5	-93.75	0.0499445	0	0
-20	5	-81.25	-0.0752729	0	0
-20	5	-68.75	0.0593988	0	0
-20	5	-56.25	0.257682	0	0
-20	5	-43.75	0.303241	0	0
-20	5	-31.25	-0.132957	0	0
-20	5	-18.75	-0	0	0
-20	5	-6.25	0	0	0
-20	5	6.25	3.10323	0	0
-20	5	18.75	0	0	0
-20	5	31.25	0.51446	0	0
-20	5	43.75	0.765347	0	0
-20	5	56.25	0.356359	0	0
-20	5	68.75	0.0392069	0	0
-20	5	81.25	0.0165894	0	0
-20	5	93.75	-0.0707865	0	0
-20	5	106.25	-0.376853	0	0
-20	5	118.75	0.0933105	0	0
-20	5	131.25	-0.222521	0	0
-20	5	143.75	-0.12007	0	0
-20	5	156.25	-0.279574	0	0
-20	5	168.75	-0.371722	0	0
-20	5	181.25	-0.24744	0	0
-20	5	193.75	-0.364175	0	0
-20	5	206.25	-0.568747	0	0
-20	5	218.75	-0.395826	0	0
-20	5	231.25	-0.833811	0	0
-20	5	243.75	-0.302994	0	0
-20	20	-243.75	-0.518497	0	0
-20	20	-231.25	-0.186969	0	0
-20	20	-218.75	-0.0754251	0	0
-20	20	-206.25	-0.0183039	0	0
-20	20	-193.75	0.0569866	0	0
-20	20	-181.25	-0.114398	0	0
-20	20	-168.75	0.0687292	0	0
-20	20	-156.25	0	0	0
-20	20	-143.75	0	0	0
-20	20	-131.25	0	0	0
-20	20	-118.75	0.294356	0	0
-20	20	-106.25	0.115338	0	0
-20	20	-93.75	0.0686361	0	0
-20	20	-81.25	-0.0237862	0	0
-20	20	-68.75	0.104719	0	0
-20	20	-56.25	0.29512	0	0
-20	20	-43.75	0.317528	0	0
-20	20	-31.25	-0.198134	0	0
-20	20	-18.75	-0	0	0
-20	20	-6.25	0	0	0
-20	20	6.25	3.3093	0	0
-20	20	18.75	0	0	0
-20	20	31.25	0.632987	0	0
-20	20	43.75	0.865824	0	0
-20	20	56.25	0.45051	0	0
-20	20	68.75	0.0632111	0	0
-20	20	81.25	0.044453	0	0
-20	20	93.75	-0.0687529	0	0
-20	20	106.25	-0.298007	0	0
-20	20	118.75	0.0727984	0	0
-20	20	131.25	-0.185823	0	0
-20	20	143.75	-0.0632838	0	0
-20	20	156.25	-0.249167	0	0
-20	20	168.75	-0.396882	0	0
-20	20	181.25	-0.187857	0	0
-20	20	193.75	-0.364253	0	0
-20	20	206.25	-0.536898	0	0
-20	20	218.75	-0.3494	0	0
-20	20	231.25	-0.823408	0	0
-20	20	243.75	-0.268155	0	0
-20	35	-243.75	-0.533277	0	0
-20	35	-231.25	-0.105138	0	0
-20	35	-218.75	0.0276333	0	0
-20	35	-206.25	-0.029458	0	0
-20	35	-193.75	0.202536	0	0
-20	35	-181.25	-0.164461	0	0
-20	35	-168.75	0.079621	0	0
-20	35	-156.25	0	0	0
-20	35	-143.75	0	0	0
-20	35	-131.25	0	0	0
-20	35	-118.75	0.340304	0	0
-20	35	-106.25	0.335556	0	0
-20	35	-93.75	0.12492	0	0
-20	35	-81.25	0.0811508	0	0
-20	35	-68.75	0.173716	0	0
-20	35	-56.25	0.216175	0	0
-20	35	-43.75	0.298609	0	0
-20	35	-31.25	0	0	0
-20	35	-18.75	0	0	0
-20	35	-6.25	0	0	0
-20	35	6.25	3.51949	0	0
-20	35	18.75	0	0	0
-20	35	31.25	0.622364	0	0
-20	35	43.75	0.766914	0	0
-20	35	56.25	0.30852	0	0
-20	35	68.75	0.199332	0	0
-20	35	81.25	0.015408	0	0
-20	35	93.75	-0.0456121	0	0
-20	35	106.25	-0.419603	0	0
-20	35	118.75	0.0129242	0	0
-20	35	131.25	-0.31244	0	0
-20	35	143.75	0.0288794	0	0
-20	35	156.25	-0.359774	0	0
-20	35	168.75	-0.309687	0	0
-20	35	181.25	-0.130314	0	0
-20	35	193.75	-0.32659	0	0
-20	35	206.25	-0.501826	0	0
-20	35	218.75	-0.336259	0	0
-20	35	231.25	-0.833655	0	0
-20	35	243.75	-0.178281	0	0
-10	-25	-243.75	-0.994055	0	0
-10	-25	-231.25	-0.487035	0	0
-10	-25	-218.75	-0.17512	0	0
-10	-25	-206.25	0.170425	0	0
-10	-25	-193.75	0.354441	0	0
-10	-25	-181.25	0.440231	0	0
-10	-25	-168.75	0.479725	0	0
-10	-25	-156.25	0	0	0
-10	-25	-143.75	0	0	0
-10	-25	-131.25	0	0	0
-10	-25	-118.75	0	0	0
-10	-25	-106.25	0.483588	0	0
-10	-25	-93.75	0.632765	0	0
-10	-25	-81.25	0.551993	0	0
-10	-25	-68.75	0.716864	0	0
-10	-25	-56.25	0.626025	0	0
-10	-25	-43.75	0.532637	0	0
-10	-25	-31.25	0.367497	0	0
-10	-25	-18.75	0	0	0
-10	-25	-6.25	0	0	0
-10	-25	6.25	0	0	0
-10	-25	18.75	0	0	0
-10	-25	31.25	0.487592	0	0
-10	-25	43.75	0.668358	0	0
-10	-25	56.25	0.556043	0	0
-10	-25	68.75	0.440299	0	0
-10	-25	81.25	0.486059	0	0
-10	-25	93.75	0.440232	0	0
-10	-25	106.25	0.107619	0	0
-10	-25	118.75	0.400503	0	0
-10	-25	131.25	0.0363455	0	0
-10	-25	143.75	-0	0	0
-10	-25	156.25	-0.240225	0	0
-10	-25	168.75	-0.222833	0	0
-10	-25	181.25	-0.359295	0	0
-10	-25	193.75	-0.382843	0	0
-10	-25	206.25	-0.899657	0	0
-10	-25	218.75	-1.06701	0	0
-10	-25	231.25	-1.14646	0	0
-10	-25	243.75	-1.65741	0	0
-10	-10	-243.75	-0.650203	0	0
-10	-10	-231.25	-0.0514993	0	0
-10	-10	-218.75	0.0139469	0	0
-10	-10	-206.25	0.108027	0	0
-10	-10	-193.75	0.128808	0	0
-10	-10	-181.25	0.148531	0	0
-10	-10	-168.75	0.128521	0	0
-10	-10	-156.25	0	0	0
-10	-10	-143.75	0	0	0
-10	-10	-131.25	0	0	0
-10	-10	-118.75	0.325648	0	0
-10	-10	-106.25	0.0275514	0	0
-10	-10	-93.75	0.0408316	0	0
-10	-10	-81.25	0.0214724	0	0
-10	-10	-68.75	0.181965	0	0
-10	-10	-56.25	0.0940443	0	0
-10	-10	-43.75	-0.0519099	0	0
-10	-10	-31.25	-0.139115	0	0
-10	-10	-18.75	-0	0	0
-10	-10	-6.25	0	0	0
-10	-10	6.25	0	0	0
-10	-10	18.75	0	0	0
-10	-10	31.25	0.291095	0	0
-10	-10	43.75	0.247877	0	0
-10	-10	56.25	-0.0469455	0	0
-10	-10	68.75	-0.0498681	0	0
-10	-10	81.25	-0.116523	0	0
-10	-10	93.75	0.0191948	0	0
-10	-10	106.25	-0.24013	0	0
-10	-10	118.75	0.0138613	0	0
-10	-10	131.25	-0.138142	0	0
-10	-10	143.75	-0	0	0
-10	-10	156.25	-0.249222	0	0
-10	-10	168.75	-0.319401	0	0
-10	-10	181.25	-0.210123	0	0
-10	-10	193.75	-0.341668	0	0
-10	-10	206.25	-0.586211	0	0
-10	-10	218.75	-0.608694	0	0
-10	-10	231.25	-0.705169	0	0
-10	-10	243.75	-1.0165	0	0
-10	5	-243.75	-0.622231	0	0
-10	5	-231.25	-0.0107351	0	0
-10	5	-218.75	0.00869455	0	0
-10	5	-206.25	0.102433	0	0
-10	5	-193.75	0.128122	0	0
-10	5	-181.25	0.164634	0	0
-10	5	-168.75	0.150225	0	0
-10	5	-156.25	0	0	0
-10	5	-143.75	0	0	0
-10	5	-131.25	0	0	0
-10	5	-118.75	0.428908	0	0
-10	5	-106.25	-0.0360724	0	0
-10	5	-93.75	-0.00318679	0	0
-10	5	-81.25	0.0073582	0	0
-10	5	-68.75	0.153834	0	0
-10	5	-56.25	0.0787288	0	0
-10	5	-43.75	-0.160724	0	0
-10	5	-31.25	-0.212037	0	0
-10	5	-18.75	-0	0	0
-10	5	-6.25	-0	0	0
-10	5	6.25	0	0	0
-10	5	18.75	0	0	0
-10	5	31.25	0.268005	0	0
-10	5	43.75	0.244002	0	0
-10	5	56.25	-0.0487644	0	0
-10	5	68.75	-0.105428	0	0
-10	5	81.25	-0.123963	0	0
-10	5	93.75	0.0395827	0	0
-10	5	106.25	-0.198855	0	0
-10	5	118.75	-0.00887344	0	0
-10	5	131.25	-0.119107	0	0
-10	5	143.75	-0	0	0
-10	5	156.25	-0.220025	0	0
-10	5	168.75	-0.304678	0	0
-10	5	181.25	-0.201543	0	0
-10	5	193.75	-0.251579	0	0
-10	5	206.25	-0.544958	0	0
-10	5	218.75	-0.589275	0	0
-10	5	231.25	-0.590574	0	0
-10	5	243.75	-0.976464	0	0
-10	20	-243.75	-0.577851	0	0
-10	20	-231.25	0.0448271	0	0
-10	20	-218.75	0.0197957	0	0
-10	20	-206.25	0.130066	0	0
-10	20	-193.75	0.168006	0	0
-10	20	-181.25	0.228786	0	0
-10	20	-168.75	0.262835	0	0
-10	20	-156.25	0	0	0
-10	20	-143.75	0	0	0
-10	20	-131.25	0	0	0
-10	20	-118.75	0.455439	0	0
-10	20	-106.25	-0.00606369	0	0
-10	20	-93.75	0.0369447	0	0
-10	20	-81.25	0.0735406	0	0
-10	20	-68.75	0.219126	0	0
-10	20	-56.25	0.10923	0	0
-10	20	-43.75	-0.116602	0	0
-10	20	-31.25	-0.181288	0	0
-10	20	-18.75	-0	0	0
-10	20	-6.25	0	0	0
-10	20	6.25	0	0	0
-10	20	18.75	0	0	0
-10	20	31.25	0.297624	0	0
-10	20	43.75	0.30316	0	0
-10	20	56.25	-0.0482512	0	0
-10	20	68.75	-0.0532818	0	0
-10	20	81.25	-0.112504	0	0
-10	20	93.75	0.0393514	0	0
-10	20	106.25	-0.229157	0	0
-10	20	118.75	0.0623745	0	0
-10	20	131.25	-0.073623	0	0
-10	20	143.75	-0	0	0
-10	20	156.25	-0.17584	0	0
-10	20	168.75	-0.256763	0	0
-10	20	181.25	-0.180904	0	0
-10	20	193.75	-0.242967	0	0
-10	20	206.25	-0.519686	0	0
-10	20	218.75	-0.506768	0	0
-10	20	231.25	-0.533353	0	0
-10	20	243.75	-0.901101	0	0
-10	35	-243.75	-0.503013	0	0
-10	35	-231.25	0.0729871	0	0
-10	35	-218.75	0.0357531	0	0
-10	35	-206.25	0.119391	0	0
-10	35	-193.75	0.115366	0	0
-10	35	-181.25	0.307689	0	0
-10	35	-168.75	0.266888	0	0
-10	35	-156.25	0	0	0
-10	35	-143.75	0	0	0
-10	35	-131.25	0	0	0
-10	35	-118.75	0	0	0
-10	35	-106.25	0.112906	0	0
-10	35	-93.75	0.0743512	0	0
-10	35	-81.25	0.172887	0	0
-10	35	-68.75	0.202466	0	0
-10	35	-56.25	0.154898	0	0
-10	35	-43.75	0.0509481	0	0
-10	35	-31.25	-0.177223	0	0
-10	35	-18.75	-0	0	0
-10	35	-6.25	-0	0	0
-10	35	6.25	0	0	0
-10	35	18.75	0	0	0
-10	35	31.25	0.256544	0	0
-10	35	43.75	0.279645	0	0
-10	35	56.25	-0.131986	0	0
-10	35	68.75	-0.0801568	0	0
-10	35	81.25	-0.184884	0	0
-10	35	93.75	0.101332	0	0
-10	35	106.25	-0.0888927	0	0
-10	35	118.75	0.0352742	0	0
-10	35	131.25	-0.0146379	0	0
-10	35	143.75	-0	0	0
-10	35	156.25	-0.268797	0	0
-10	35	168.75	-0.271156	0	0
-10	35	181.25	-0.177511	0	0
-10	35	193.75	-0.131428	0	0
-10	35	206.25	-0.509175	0	0
-10	35	218.75	-0.699127	0	0
-10	35	231.25	-0.520599	0	0
-10	35	243.75	-0.816699	0	0
0	-25	-243.75	-1.46494	0	0
0	-25	-231.25	-0.895745	0	0
0	-25	-218.75	-0.231551	0	0
0	-25	-206.25	0.117379	0	0
0	-25	-193.75	0.236281	0	0
0	-25	-181.25	0.349893	0	0
0	-25	-168.75	0.522551	0	0
0	-25	-156.25	0	0	0
0	-25	-143.75	0	0	0
0	-25	-131.25	0	0	0
0	-25	-118.75	0.507028	0	0
0	-25	-106.25	0.605378	0	0
0	-25	-93.75	0.501048	0	0
0	-25	-81.25	0.438826	0	0
0	-25	-68.75	0.606142	0	0
0	-25	-56.25	0.475127	0	0
0	-25	-43.75	0.498233	0	0
0	-25	-31.25	0.578213	0	0
0	-25	-18.75	0.527203	0	0
0	-25	-6.25	0	0	0
0	-25	6.25	0	0	0
0	-25	18.75	0.415768	0	0
0	-25	31.25	0.376216	0	0
0	-25	43.75	0.607436	0	0
0	-25	56.25	0.434015	0	0
0	-25	68.75	0.481381	0	0
0	-25	81.25	0.232343	0	0
0	-25	93.75	-0.0367287	0	0
0	-25	106.25	0.170863	0	0
0	-25	118.75	-0.386975	0	0
0	-25	131.25	0.116279	0	0
0	-25	143.75	-0	0	0
0	-25	156.25	-0.3624	0	0
0	-25	168.75	-0.509123	0	0
0	-25	181.25	-0.812923	0	0
0	-25	193.75	-1.08053	0	0
0	-25	206.25	-1.28382	0	0
0	-25	218.75	-1.823	0	0
0	-25	231.25	-1.93197	0	0
0	-25	243.75	-2.45211	0	0
0	-10	-243.75	-0.956359	0	0
0	-10	-231.25	-0.0543488	0	0
0	-10	-218.75	0.0835514	0	0
0	-10	-206.25	0.223983	0	0
0	-10	-193.75	0.0982099	0	0
0	-10	-181.25	0.103577	0	0
0	-10	-168.75	0.165921	0	0
0	-10	-156.25	0	0	0
0	-10	-143.75	0	0	0
0	-10	-131.25	0	0	0
0	-10	-118.75	0.47076	0	0
0	-10	-106.25	0.403281	0	0
0	-10	-93.75	0.107496	0	0
0	-10	-81.25	0.0533383	0	0
0	-10	-68.75	0.072506	0	0
0	-10	-56.25	-0.0697986	0	0
0	-10	-43.75	-0.0491791	0	0
0	-10	-31.25	0.0204393	0	0
0	-10	-18.75	0.108278	0	0
0	-10	-6.25	0	0	0
0	-10	6.25	0	0	0
0	-10	18.75	0.516046	0	0
0	-10	31.25	-0.0202265	0	0
0	-10	43.75	-0.0392923	0	0
0	-10	56.25	-0.075288	0	0
0	-10	68.75	0.0738455	0	0
0	-10	81.25	-0.0744151	0	0
0	-10	93.75	-0.233624	0	0
0	-10	106.25	0.0415885	0	0
0	-10	118.75	-0.593021	0	0
0	-10	131.25	0.170588	0	0
0	-10	143.75	-0	0	0
0	-10	156.25	-0.291816	0	0
0	-10	168.75	-0.266171	0	0
0	-10	181.25	-0.553966	0	0
0	-10	193.75	-0.685679	0	0
0	-10	206.25	-0.7382	0	0
0	-10	218.75	-0.95435	0	0
0	-10	231.25	-0.947942	0	0
0	-10	243.75	-1.20183	0	0
0	5	-243.75	-0.923784	0	0
0	5	-231.25	0.0195596	0	0
0	5	-218.75	0.152005	0	0
0	5	-206.25	0.204745	0	0
0	5	-193.75	0.137411	0	0
0	5	-181.25	0.131356	0	0
0	5	-168.75	0.170025	0	0
0	5	-156.25	0	0	0
0	5	-143.75	0	0	0
0	5	-131.25	0	0	0
0	5	-118.75	0.445336	0	0
0	5	-106.25	0.129373	0	0
0	5	-93.75	0.0848405	0	0
0	5	-81.25	0.0661946	0	0
0	5	-68.75	0.116016	0	0
0	5	-56.25	-0.0598485	0	0
0	5	-43.75	-0.0519837	0	0
0	5	-31.25	0.0306121	0	0
0	5	-18.75	0.162417	0	0
0	5	-6.25	0	0	0
0	5	6.25	0	0	0
0	5	18.75	0.454083	0	0
0	5	31.25	0.0241115	0	0
0	5	43.75	-0.0501127	0	0
0	5	56.25	-0.0851386	0	0
0	5	68.75	0.0395031	0	0
0	5	81.25	-0.0893128	0	0
0	5	93.75	-0.243265	0	0
0	5	106.25	0.0542222	0	0
0	5	118.75	-0.564369	0	0
0	5	131.25	0.175633	0	0
0	5	143.75	-0	0	0
0	5	156.25	-0.290221	0	0
0	5	168.75	-0.251404	0	0
0	5	181.25	-0.466831	0	0
0	5	193.75	-0.645006	0	0
0	5	206.25	-0.654439	0	0
0	5	218.75	-0.836504	0	0
0	5	231.25	-0.821995	0	0
0	5	243.75	-1.13676	0	0
0	20	-243.75	-0.883501	0	0
0	20	-231.25	0.0824865	0	0
0	20	-218.75	0.194282	0	0
0	20	-206.25	0.270112	0	0
0	20	-193.75	0.207948	0	0
0	20	-181.25	0.18021	0	0
0	20	-168.75	0.186525	0	0
0	20	-156.25	0	0	0
0	20	-143.75	0	0	0
0	20	-131.25	0	0	0
0	20	-118.75	0.47624	0	0
0	20	-106.25	0.148311	0	0
0	20	-93.75	0.156939	0	0
0	20	-81.25	0.0951533	0	0
0	20	-68.75	0.152011	0	0
0	20	-56.25	-0.0056685	0	0
0	20	-43.75	0.0353825	0	0
0	20	-31.25	0.111004	0	0
0	20	-18.75	0.184806	0	0
0	20	-6.25	0	0	0
0	20	6.25	0	0	0
0	20	18.75	0.525993	0	0
0	20	31.25	0.0770158	0	0
0	20	43.75	-0.0397578	0	0
0	20	56.25	-0.0644646	0	0
0	20	68.75	0.0712797	0	0
0	20	81.25	-0.0280015	0	0
0	20	93.75	-0.202678	0	0
0	20	106.25	0.12456	0	0
0	20	118.75	-0.515585	0	0
0	20	131.25	0.235059	0	0
0	20	143.75	-0	0	0
0	20	156.25	-0.26118	0	0
0	20	168.75	-0.222578	0	0
0	20	181.25	-0.413616	0	0
0	20	193.75	-0.642676	0	0
0	20	206.25	-0.647269	0	0
0	20	218.75	-0.848677	0	0
0	20	231.25	-0.801666	0	0
0	20	243.75	-1.11416	0	0
0	35	-243.75	-0.779543	0	0
0	35	-231.25	-0.005163	0	0
0	35	-218.75	0.188895	0	0
0	35	-206.25	0.372241	0	0
0	35	-193.75	0.232702	0	0
0	35	-181.25	0.187671	0	0
0	35	-168.75	0.399189	0	0
0	35	-156.25	0	0	0
0	35	-143.75	0	0	0
0	35	-131.25	0	0	0
0	35	-118.75	0.565786	0	0
0	35	-106.25	0.28394	0	0
0	35	-93.75	0.170735	0	0
0	35	-81.25	0.13311	0	0
0	35	-68.75	0.11268	0	0
0	35	-56.25	-0.0248025	0	0
0	35	-43.75	-0.0465753	0	0
0	35	-31.25	0.102946	0	0
0	35	-18.75	0.424646	0	0
0	35	-6.25	0	0	0
0	35	6.25	0	0	0
0	35	18.75	0.554364	0	0
0	35	31.25	0.184227	0	0
0	35	43.75	-0.00450159	0	0
0	35	56.25	-0.0996084	0	0
0	35	68.75	0.0135687	0	0
0	35	81.25	-0.0748944	0	0
0	35	93.75	-0.291083	0	0
0	35	106.25	0.0989816	0	0
0	35	118.75	-0.540226	0	0
0	35	131.25	0.162762	0	0
0	35	143.75	-0	0	0
0	35	156.25	-0.205394	0	0
0	35	168.75	-0.212216	0	0
0	35	181.25	-0.472644	0	0
0	35	193.75	-0.66494	0	0
0	35	206.25	-0.631562	0	0
0	35	218.75	-0.824987	0	0
0	35	231.25	-0.859535	0	0
0	35	243.75	-1.25237	0	0
10	-25	-243.75	-1.72416	0	0
10	-25	-231.25	-1.19145	0	0
10	-25	-218.75	-0.57185	0	0
10	-25	-206.25	-0.257341	0	0
10	-25	-193.75	-0.0431521	0	0
10	-25	-181.25	0.0583365	0	0
10	-25	-168.75	0.272279	0	0
10	-25	-156.25	0	0	0
10	-25	-143.75	0	0	0
10	-25	-131.25	0	0	0
10	-25	-118.75	0	0	0
10	-25	-106.25	0.641227	0	0
10	-25	-93.75	0.368973	0	0
10	-25	-81.25	0.324446	0	0
10	-25	-68.75	0.539406	0	0
10	-25	-56.25	0.389371	0	0
10	-25	-43.75	0.463684	0	0
10	-25	-31.25	0.794685	0	0
10	-25	-18.75	0	0	0
10	-25	-6.25	0	0	0
10	-25	6.25	0	0	0
10	-25	18.75	0	0	0
10	-25	31.25	0.835079	0	0
10	-25	43.75	0.404419	0	0
10	-25	56.25	0.545966	0	0
10	-25	68.75	0.334879	0	0
10	-25	81.25	0.310383	0	0
10	-25	93.75	0.0922177	0	0
10	-25	106.25	0.32327	0	0
10	-25	118.75	0.197527	0	0
10	-25	131.25	-0.557148	0	0
10	-25	143.75	-0	0	0
10	-25	156.25	-0.0630556	0	0
10	-25	168.75	-0.77106	0	0
10	-25	181.25	-0.944329	0	0
10	-25	193.75	-1.45643	0	0
10	-25	206.25	-1.79855	0	0
10	-25	218.75	-2.13567	0	0
10	-25	231.25	-2.84497	0	0
10	-25	243.75	-3.06393	0	0
10	-10	-243.75	-1.08863	0	0
10	-10	-231.25	-0.10374	0	0
10	-10	-218.75	-0.00939005	0	0
10	-10	-206.25	-0.0969014	0	0
10	-10	-193.75	-0.227359	0	0
10	-10	-181.25	-0.14481	0	0
10	-10	-168.75	0.0463646	0	0
10	-10	-156.25	0	0	0
10	-10	-143.75	0	0	0
10	-10	-131.25	0	0	0
10	-10	-118.75	0.311473	0	0
10	-10	-106.25	0.358513	0	0
10	-10	-93.75	-0.0737294	0	0
10	-10	-81.25	-0.0150603	0	0
10	-10	-68.75	0.0330639	0	0
10	-10	-56.25	-0.102363	0	0
10	-10	-43.75	0.0499949	0	0
10	-10	-31.25	0.143297	0	0
10	-10	-18.75	0	0	0
10	-10	-6.25	0	0	0
10	-10	6.25	0	0	0
10	-10	18.75	0	0	0
10	-10	31.25	0.326717	0	0
10	-10	43.75	-0.0816769	0	0
10	-10	56.25	0.16539	0	0
10	-10	68.75	0.0142762	0	0
10	-10	81.25	0.0597621	0	0
10	-10	93.75	0.120263	0	0
10	-10	106.25	0.208416	0	0
10	-10	118.75	0.18097	0	0
10	-10	131.25	-0.479225	0	0
10	-10	143.75	-0	0	0
10	-10	156.25	-0.068949	0	0
10	-10	168.75	-0.423676	0	0
10	-10	181.25	-0.456048	0	0
10	-10	193.75	-0.64704	0	0
10	-10	206.25	-0.883368	0	0
10	-10	218.75	-0.8741	0	0
10	-10	231.25	-1.25478	0	0
10	-10	243.75	-1.2552	0	0
10	5	-243.75	-1.04672	0	0
10	5	-231.25	-0.11199	0	0
10	5	-218.75	-0.0491906	0	0
10	5	-206.25	-0.0786742	0	0
10	5	-193.75	-0.232344	0	0
10	5	-181.25	-0.137568	0	0
10	5	-168.75	0.0270583	0	0
10	5	-156.25	0	0	0
10	5	-143.75	0	0	0
10	5	-131.25	0	0	0
10	5	-118.75	0.198479	0	0
10	5	-106.25	0.342621	0	0
10	5	-93.75	-0.0423415	0	0
10	5	-81.25	-0.0605119	0	0
10	5	-68.75	0.0180142	0	0
10	5	-56.25	-0.0476872	0	0
10	5	-43.75	0.0680007	0	0
10	5	-31.25	0.196046	0	0
10	5	-18.75	0	0	0
10	5	-6.25	0	0	0
10	5	6.25	0	0	0
10	5	18.75	0	0	0
10	5	31.25	0.35706	0	0
10	5	43.75	-0.00534631	0	0
10	5	56.25	0.175858	0	0
10	5	68.75	0.0378284	0	0
10	5	81.25	0.0588701	0	0
10	5	93.75	0.083712	0	0
10	5	106.25	0.201461	0	0
10	5	118.75	0.224428	0	0
10	5	131.25	-0.506422	0	0
10	5	143.75	-0	0	0
10	5	156.25	-0.029057	0	0
10	5	168.75	-0.434868	0	0
10	5	181.25	-0.452322	0	0
10	5	193.75	-0.619778	0	0
10	5	206.25	-0.835615	0	0
10	5	218.75	-0.839551	0	0
10	5	231.25	-1.21652	0	0
10	5	243.75	-1.19851	0	0
10	20	-243.75	-1.07786	0	0
10	20	-231.25	-0.171771	0	0
10	20	-218.75	-0.135999	0	0
10	20	-206.25	-0.166651	0	0
10	20	-193.75	-0.229026	0	0
10	20	-181.25	-0.114127	0	0
10	20	-168.75	0.0380465	0	0
10	20	-156.25	0	0	0
10	20	-143.75	0	0	0
10	20	-131.25	-0	0	0
10	20	-118.75	-0.0284832	0	0
10	20	-106.25	0.366577	0	0
10	20	-93.75	-0.0398787	0	0
10	20	-81.25	-0.0504685	0	0
10	20	-68.75	0.0297748	0	0
10	20	-56.25	-0.0245902	0	0
10	20	-43.75	0.113556	0	0
10	20	-31.25	0.204771	0	0
10	20	-18.75	0	0	0
10	20	-6.25	0	0	0
10	20	6.25	0	0	0
10	20	18.75	0	0	0
10	20	31.25	0.391317	0	0
10	20	43.75	-0.0772562	0	0
10	20	56.25	0.1544	0	0
10	20	68.75	-0.00643034	0	0
10	20	81.25	0.0381345	0	0
10	20	93.75	0.0732044	0	0
10	20	106.25	0.160617	0	0
10	20	118.75	0.201949	0	0
10	20	131.25	-0.55166	0	0
10	20	143.75	-0	0	0
10	20	156.25	0.00298606	0	0
10	20	168.75	-0.47442	0	0
10	20	181.25	-0.51584	0	0
10	20	193.75	-0.700271	0	0
10	20	206.25	-0.972415	0	0
10	20	218.75	-0.928604	0	0
10	20	231.25	-1.328	0	0
10	20	243.75	-1.3049	0	0
10	35	-243.75	-0.563608	0	0
10	35	-231.25	-0.109995	0	0
10	35	-218.75	-0.120407	0	0
10	35	-206.25	-0.0125028	0	0
10	35	-193.75	-0.295826	0	0
10	35	-181.25	-0.202135	0	0
10	35	-168.75	0.000893543	0	0
10	35	-156.25	0	0	0
10	35	-143.75	0	0	0
10	35	-131.25	0	0	0
10	35	-118.75	0	0	0
10	35	-106.25	0.294552	0	0
10	35	-93.75	-0.119459	0	0
10	35	-81.25	0.11839	0	0
10	35	-68.75	0.0522688	0	0
10	35	-56.25	-0.0178786	0	0
10	35	-43.75	0.14987	0	0
10	35	-31.25	0.203518	0	0
10	35	-18.75	0	0	0
10	35	-6.25	0	0	0
10	35	6.25	0	0	0
10	35	18.75	0	0	0
10	35	31.25	0.288845	0	0
10	35	43.75	-0.0603909	0	0
10	35	56.25	0.18756	0	0
10	35	68.75	0.105942	0	0
10	35	81.25	0.123986	0	0
10	35	93.75	0.0158326	0	0
10	35	106.25	0.260242	0	0
10	35	118.75	0.252545	0	0
10	35	131.25	-0.476778	0	0
10	35	143.75	-0	0	0
10	35	156.25	0.0341528	0	0
10	35	168.75	-0.420577	0	0
10	35	181.25	-0.504648	0	0
10	35	193.75	-0.782504	0	0
10	35	206.25	-0.868854	0	0
10	35	218.75	-0.753219	0	0
10	35	231.25	-1.2069	0	0
10	35	243.75	-1.03712	0	0
20	-25	-243.75	-1.36537	0	0
20	-25	-231.25	-0.820232	0	0
20	-25	-218.75	-0.426343	0	0
20	-25	-206.25	-0.107859	0	0
20	-25	-193.75	-0.038539	0	0
20	-25	-181.25	0.00684629	0	0
20	-25	-168.75	0.373039	0	0
20	-25	-156.25	0	0	0
20	-25	-143.75	0	0	0
20	-25	-131.25	0	0	0
20	-25	-118.75	0.251174	0	0
20	-25	-106.25	0.402545	0	0
20	-25	-93.75	0.696118	0	0
20	-25	-81.25	0.405453	0	0
20	-25	-68.75	0.503431	0	0
20	-25	-56.25	0.753297	0	0
20	-25	-43.75	0.601453	0	0
20	-25	-31.25	0.690721	0	0
20	-25	-18.75	0	0	0
20	-25	-6.25	0	0	0
20	-25	6.25	-3.8611	0	0
20	-25	18.75	0	0	0
20	-25	31.25	0.548416	0	0
20	-25	43.75	0.442012	0	0
20	-25	56.25	0.403248	0	0
20	-25	68.75	0.3955	0	0
20	-25	81.25	0.238438	0	0
20	-25	93.75	0.38441	0	0
20	-25	106.25	0.0306502	0	0
20	-25	118.75	0.0953618	0	0
20	-25	131.25	-0.139174	0	0
20	-25	143.75	-0.972313	0	0
20	-25	156.25	-0.284004	0	0
20	-25	168.75	-0.529929	0	0
20	-25	181.25	-1.26421	0	0
20	-25	193.75	-1.41676	0	0
20	-25	206.25	-1.97701	0	0
20	-25	218.75	-2.82449	0	0
20	-25	231.25	-3.02796	0	0
20	-25	243.75	-3.87946	0	0
20	-10	-243.75	-0.415549	0	0
20	-10	-231.25	0.334138	0	0
20	-10	-218.75	0.398071	0	0
20	-10	-206.25	0.184918	0	0
20	-10	-193.75	0.137565	0	0
20	-10	-181.25	0.0884434	0	0
20	-10	-168.75	0.328469	0	0
20	-10	-156.25	0	0	0
20	-10	-143.75	0	0	0
20	-10	-131.25	0	0	0
20	-10	-118.75	0.193469	0	0
20	-10	-106.25	0.118799	0	0
20	-10	-93.75	0.311414	0	0
20	-10	-81.25	0.0407301	0	0
20	-10	-68.75	0.109475	0	0
20	-10	-56.25	0.324759	0	0
20	-10	-43.75	0.26016	0	0
20	-10	-31.25	0.804362	0	0
20	-10	-18.75	0	0	0
20	-10	-6.25	0	0	0
20	-10	6.25	-0.171831	0	0
20	-10	18.75	0	0	0
20	-10	31.25	0.531799	0	0
20	-10	43.75	-0.00939868	0	0
20	-10	56.25	-0.0738825	0	0
20	-10	68.75	0.0328794	0	0
20	-10	81.25	0.0231666	0	0
20	-10	93.75	0.261951	0	0
20	-10	106.25	-0.202341	0	0
20	-10	118.75	0.122562	0	0
20	-10	131.25	0.0927426	0	0
20	-10	143.75	-0.653157	0	0
20	-10	156.25	-0.161086	0	0
20	-10	168.75	-0.281846	0	0
20	-10	181.25	-0.679362	0	0
20	-10	193.75	-0.483898	0	0
20	-10	206.25	-0.728872	0	0
20	-10	218.75	-1.12417	0	0
20	-10	231.25	-1.31949	0	0
20	-10	243.75	-1.87644	0	0
20	5	-243.75	-0.395574	0	0
20	5	-231.25	0.396405	0	0
20	5	-218.75	0.350485	0	0
20	5	-206.25	0.181749	0	0
20	5	-193.75	0.197058	0	0
20	5	-181.25	0.0997893	0	0
20	5	-168.75	0.366312	0	0
20	5	-156.25	0	0	0
20	5	-143.75	0	0	0
20	5	-131.25	0	0	0
20	5	-118.75	0.214906	0	0
20	5	-106.25	0.0791825	0	0
20	5	-93.75	0.3295	0	0
20	5	-81.25	0.0388343	0	0
20	5	-68.75	0.127998	0	0
20	5	-56.25	0.403892	0	0
20	5	-43.75	0.330928	0	0
20	5	-31.25	0.856431	0	0
20	5	-18.75	0	0	0
20	5	-6.25	0	0	0
20	5	6.25	-0.459712	0	0
20	5	18.75	0	0	0
20	5	31.25	0.593441	0	0
20	5	43.75	-0.00648878	0	0
20	5	56.25	-0.0674115	0	0
20	5	68.75	0.0472243	0	0
20	5	81.25	0.0154268	0	0
20	5	93.75	0.197146	0	0
20	5	106.25	-0.200244	0	0
20	5	118.75	0.157796	0	0
20	5	131.25	0.110889	0	0
20	5	143.75	-0.647797	0	0
20	5	156.25	-0.176942	0	0
20	5	168.75	-0.273956	0	0
20	5	181.25	-0.65971	0	0
20	5	193.75	-0.506588	0	0
20	5	206.25	-0.764407	0	0
20	5	218.75	-1.14245	0	0
20	5	231.25	-1.27796	0	0
20	5	243.75	-1.89523	0	0
20	20	-243.75	-0.458355	0	0
20	20	-231.25	0.325928	0	0
20	20	-218.75	0.322802	0	0
20	20	-206.25	0.164471	0	0
20	20	-193.75	0.164332	0	0
20	20	-181.25	0.123774	0	0
20	20	-168.75	0.416424	0	0
20	20	-156.25	0	0	0
20	20	-143.75	0	0	0
20	20	-131.25	0	0	0
20	20	-118.75	0.194482	0	0
20	20	-106.25	0.0840728	0	0
20	20	-93.75	0.36359	0	0
20	20	-81.25	0.0808074	0	0
20	20	-68.75	0.165158	0	0
20	20	-56.25	0.420689	0	0
20	20	-43.75	0.340296	0	0
20	20	-31.25	0.817797	0	0
20	20	-18.75	0	0	0
20	20	-6.25	0	0	0
20	20	6.25	-0.345924	0	0
20	20	18.75	0	0	0
20	20	31.25	0.637047	0	0
20	20	43.75	0.0268097	0	0
20	20	56.25	-0.0272268	0	0
20	20	68.75	0.0639497	0	0
20	20	81.25	-0.0113633	0	0
20	20	93.75	0.200594	0	0
20	20	106.25	-0.220856	0	0
20	20	118.75	0.119141	0	0
20	20	131.25	0.0468678	0	0
20	20	143.75	-0.74534	0	0
20	20	156.25	-0.287248	0	0
20	20	168.75	-0.332452	0	0
20	20	181.25	-0.732308	0	0
20	20	193.75	-0.610365	0	0
20	20	206.25	-0.859002	0	0
20	20	218.75	-1.26739	0	0
20	20	231.25	-1.4374	0	0
20	20	243.75	-2.00318	0	0
20	35	-243.75	-0.31758	0	0
20	35	-231.25	0.512366	0	0
20	35	-218.75	0.203801	0	0
20	35	-206.25	0.193622	0	0
20	35	-193.75	0.234193	0	0
20	35	-181.25	0.248532	0	0
20	35	-168.75	0.451971	0	0
20	35	-156.25	0	0	0
20	35	-143.75	0	0	0
20	35	-131.25	0	0	0
20	35	-118.75	0.282639	0	0
20	35	-106.25	0.156845	0	0
20	35	-93.75	0.449093	0	0
20	35	-81.25	0.104637	0	0
20	35	-68.75	0.181038	0	0
20	35	-56.25	0.486321	0	0
20	35	-43.75	0.396362	0	0
20	35	-31.25	0.787844	0	0
20	35	-18.75	0	0	0
20	35	-6.25	0	0	0
20	35	6.25	-0.443441	0	0
20	35	18.75	0	0	0
20	35	31.25	0.61091	0	0
20	35	43.75	0.00640742	0	0
20	35	56.25	-0.119598	0	0
20	35	68.75	0.0845894	0	0
20	35	81.25	0.043733	0	0
20	35	93.75	0.212012	0	0
20	35	106.25	-0.228023	0	0
20	35	118.75	0.0987825	0	0
20	35	131.25	0.0495321	0	0
20	35	143.75	-0.548262	0	0
20	35	156.25	-0.316452	0	0
20	35	168.75	-0.276917	0	0
20	35	181.25	-0.696319	0	0
20	35	193.75	-0.555465	0	0
20	35	206.25	-1.04778	0	0
20	35	218.75	-1.22189	0	0
20	35	231.25	-1.42896	0	0
20	35	243.75	-2.25101	0	0
30	-25	-243.75	-1.04981	0	0
30	-25	-231.25	-0.574177	0	0
30	-25	-218.75	-0.284145	0	0
30	-25	-206.25	-0.251869	0	0
30	-25	-193.75	-0.115765	0	0
30	-25	-181.25	0.298504	0	0
30	-25	-168.75	0.541116	0	0
30	-25	-156.25	0	0	0
30	-25	-143.75	0	0	0
30	-25	-131.25	0	0	0
30	-25	-118.75	0.463327	0	0
30	-25	-106.25	0.0892274	0	0
30	-25	-93.75	0.238926	0	0
30	-25	-81.25	0.643532	0	0
30	-25	-68.75	0.473061	0	0
30	-25	-56.25	0.308893	0	0
30	-25	-43.75	0.700482	0	0
30	-25	-31.25	0	0	0
30	-25	-18.75	-0	0	0
30	-25	-6.25	-0.836699	0	0
30	-25	6.25	0.438792	0	0
30	-25	18.75	0	0	0
30	-25	31.25	0	0	0
30	-25	43.75	0.951107	0	0
30	-25	56.25	0.362733	0	0
30	-25	68.75	0.363636	0	0
30	-25	81.25	0.384615	0	0
30	-25	93.75	-0.0452991	0	0
30	-25	106.25	-0.0463161	0	0
30	-25	118.75	-0.0214246	0	0
30	-25	131.25	-0.140504	0	0
30	-25	143.75	-0.719135	0	0
30	-25	156.25	-1.0273	0	0
30	-25	168.75	-1.08215	0	0
30	-25	181.25	-1.32856	0	0
30	-25	193.75	-1.92787	0	0
30	-25	206.25	-2.38641	0	0
30	-25	218.75	-3.38387	0	0
30	-25	231.25	-4.3699	0	0
30	-25	243.75	-5	0	0
30	-10	-243.75	-0.101173	0	0
30	-10	-231.25	0.33479	0	0
30	-10	-218.75	0.215907	0	0
30	-10	-206.25	0.0248286	0	0
30	-10	-193.75	0.0380949	0	0
30	-10	-181.25	0.295858	0	0
30	-10	-168.75	0.625515	0	0
30	-10	-156.25	0	0	0
30	-10	-143.75	0	0	0
30	-10	-131.25	0	0	0
30	-10	-118.75	0.359098	0	0
30	-10	-106.25	0.0367232	0	0
30	-10	-93.75	0.0095027	0	0
30	-10	-81.25	0.245472	0	0
30	-10	-68.75	0.0263664	0	0
30	-10	-56.25	-0.164159	0	0
30	-10	-43.75	0.815559	0	0
30	-10	-31.25	0	0	0
30	-10	-18.75	-0	0	0
30	-10	-6.25	-0.84794	0	0
30	-10	6.25	-0.275468	0	0
30	-10	18.75	0.494478	0	0
30	-10	31.25	0	0	0
30	-10	43.75	0.539655	0	0
30	-10	56.25	-0.0727695	0	0
30	-10	68.75	-0.0275062	0	0
30	-10	81.25	0.0940845	0	0
30	-10	93.75	-0.214956	0	0
30	-10	106.25	-0.0687018	0	0
30	-10	118.75	-0.15643	0	0
30	-10	131.25	0.013896	0	0
30	-10	143.75	-0.167425	0	0
30	-10	156.25	-0.6898	0	0
30	-10	168.75	-0.310804	0	0
30	-10	181.25	-0.875272	0	0
30	-10	193.75	-0.958548	0	0
30	-10	206.25	-1.1726	0	0
30	-10	218.75	-1.61858	0	0
30	-10	231.25	-2.03025	0	0
30	-10	243.75	-2.83987	0	0
30	5	-243.75	-0.100833	0	0
30	5	-231.25	0.217497	0	0
30	5	-218.75	0.127355	0	0
30	5	-206.25	-0.0193395	0	0
30	5	-193.75	0.0364847	0	0
30	5	-181.25	0.31271	0	0
30	5	-168.75	0.676515	0	0
30	5	-156.25	0	0	0
30	5	-143.75	0	0	0
30	5	-131.25	0	0	0
30	5	-118.75	0.413988	0	0
30	5	-106.25	0.0989093	0	0
30	5	-93.75	0.0865986	0	0
30	5	-81.25	0.259654	0	0
30	5	-68.75	0.12637	0	0
30	5	-56.25	-0.0235749	0	0
30	5	-43.75	0.799125	0	0
30	5	-31.25	0	0	0
30	5	-18.75	0	0	0
30	5	-6.25	-0.686899	0	0
30	5	6.25	-0.628702	0	0
30	5	18.75	0.314301	0	0
30	5	31.25	0	0	0
30	5	43.75	0.597862	0	0
30	5	56.25	0.0186536	0	0
30	5	68.75	0.063335	0	0
30	5	81.25	0.158499	0	0
30	5	93.75	-0.148005	0	0
30	5	106.25	-0.0209422	0	0
30	5	118.75	-0.159433	0	0
30	5	131.25	0.0377764	0	0
30	5	143.75	-0.204993	0	0
30	5	156.25	-0.716211	0	0
30	5	168.75	-0.396866	0	0
30	5	181.25	-0.854029	0	0
30	5	193.75	-0.971482	0	0
30	5	206.25	-1.20788	0	0
30	5	218.75	-1.73163	0	0
30	5	231.25	-2.0908	0	0
30	5	243.75	-2.8038	0	0
30	20	-243.75	-0.20316	0	0
30	20	-231.25	0.122449	0	0
30	20	-218.75	-0.0150598	0	0
30	20	-206.25	-0.0750526	0	0
30	20	-193.75	-0.0321743	0	0
30	20	-181.25	0.333651	0	0
30	20	-168.75	0.710119	0	0
30	20	-156.25	0	0	0
30	20	-143.75	0	0	0
30	20	-131.25	0	0	0
30	20	-118.75	0.531488	0	0
30	20	-106.25	0.158947	0	0
30	20	-93.75	0.126406	0	0
30	20	-81.25	0.321829	0	0
30	20	-68.75	0.173865	0	0
30	20	-56.25	0.0164194	0	0
30	20	-43.75	0.897898	0	0
30	20	-31.25	0	0	0
30	20	-18.75	0	0	0
30	20	-6.25	-0.948853	0	0
30	20	6.25	-0.91745	0	0
30	20	18.75	0.192388	0	0
30	20	31.25	0	0	0
30	20	43.75	0.61566	0	0
30	20	56.25	0.0971648	0	0
30	20	68.75	0.12227	0	0
30	20	81.25	0.188413	0	0
30	20	93.75	-0.115174	0	0
30	20	106.25	-0.00880009	0	0
30	20	118.75	-0.143907	0	0
30	20	131.25	0.0470962	0	0
30	20	143.75	-0.268387	0	0
30	20	156.25	-0.743479	0	0
30	20	168.75	-0.467473	0	0
30	20	181.25	-0.922254	0	0
30	20	193.75	-1.06099	0	0
30	20	206.25	-1.26179	0	0
30	20	218.75	-1.86765	0	0
30	20	231.25	-2.26643	0	0
30	20	243.75	-3.01405	0	0
30	35	-243.75	-0.179074	0	0
30	35	-231.25	0.145103	0	0
30	35	-218.75	0.302239	0	0
30	35	-206.25	0.0163195	0	0
30	35	-193.75	0.10087	0	0
30	35	-181.25	0.362802	0	0
30	35	-168.75	0.672423	0	0
30	35	-156.25	0	0	0
30	35	-143.75	0	0	0
30	35	-131.25	0	0	0
30	35	-118.75	0.327122	0	0
30	35	-106.25	0.306372	0	0
30	35	-93.75	0.333484	0	0
30	35	-81.25	0.471872	0	0
30	35	-68.75	0.181856	0	0
30	35	-56.25	0.0704007	0	0
30	35	-43.75	0.976125	0	0
30	35	-31.25	0	0	0
30	35	-18.75	0	0	0
30	35	-6.25	0.101583	0	0
30	35	6.25	0.101583	0	0
30	35	18.75	0	0	0
30	35	31.25	0	0	0
30	35	43.75	0.626219	0	0
30	35	56.25	0.0639228	0	0
30	35	68.75	0.0795689	0	0
30	35	81.25	0.285792	0	0
30	35	93.75	-0.0630436	0	0
30	35	106.25	0.0166753	0	0
30	35	118.75	-0.017723	0	0
30	35	131.25	0.168818	0	0
30	35	143.75	-0.0931657	0	0
30	35	156.25	-0.766659	0	0
30	35	168.75	-0.312998	0	0
30	35	181.25	-0.926487	0	0
30	35	193.75	-0.95826	0	0
30	35	206.25	-1.29002	0	0
30	35	218.75	-1.86671	0	0
30	35	231.25	-2.37284	0	0
30	35	243.75	-3.13713	0	0
40	-25	-243.75	-0	0	0
40	-25	-231.25	-0.848519	0	0
40	-25	-218.75	-0.527707	0	0
40	-25	-206.25	-0.378561	0	0
40	-25	-193.75	-0.205071	0	0
40	-25	-181.25	0.00157177	0	0
40	-25	-168.75	0.532878	0	0
40	-25	-156.25	0.908504	0	0
40	-25	-143.75	1.51953	0	0
40	-25	-131.25	0.729231	0	0
40	-25	-118.75	0.615753	0	0
40	-25	-106.25	0.100988	0	0
40	-25	-93.75	-0.201751	0	0
40	-25	-81.25	-0.174051	0	0
40	-25	-68.75	0.437149	0	0
40	-25	-56.25	0.42393	0	0
40	-25	-43.75	0	0	0
40	-25	-31.25	-0.54694	0	0
40	-25	-18.75	0.480707	0	0
40	-25	-6.25	0.479563	0	0
40	-25	6.25	0.494231	0	0
40	-25	18.75	-0.612639	0	0
40	-25	31.25	0	0	0
40	-25	43.75	0	0	0
40	-25	56.25	0.669557	0	0
40	-25	68.75	0.117023	0	0
40	-25	81.25	0.15977	0	0
40	-25	93.75	0.0560973	0	0
40	-25	106.25	-0.0378087	0	0
40	-25	118.75	-0.148665	0	0
40	-25	131.25	-0.425887	0	0
40	-25	143.75	-0.603497	0	0
40	-25	156.25	-1.10429	0	0
40	-25	168.75	-1.2151	0	0
40	-25	181.25	-2.1796	0	0
40	-25	193.75	-2.56505	0	0
40	-25	206.25	-2.6148	0	0
40	-25	218.75	-4.52415	0	0
40	-25	231.25	-4.52415	0	0
40	-25	243.75	-0	0	0
40	-10	-243.75	0	0	0
40	-10	-231.25	-0.510512	0	0
40	-10	-218.75	-0.143099	0	0
40	-10	-206.25	-0.111432	0	0
40	-10	-193.75	0.0836182	0	0
40	-10	-181.25	0.335783	0	0
40	-10	-168.75	0.380165	0	0
40	-10	-156.25	0.570677	0	0
40	-10	-143.75	1.36512	0	0
40	-10	-131.25	0.590909	0	0
40	-10	-118.75	0.456984	0	0
40	-10	-106.25	0.121932	0	0
40	-10	-93.75	-0.23114	0	0
40	-10	-81.25	-0.0277401	0	0
40	-10	-68.75	0.0414049	0	0
40	-10	-56.25	-0.00749317	0	0
40	-10	-43.75	-0	0	0
40	-10	-31.25	-0.689653	0	0
40	-10	-18.75	0.567356	0	0
40	-10	-6.25	0.565998	0	0
40	-10	6.25	0.649139	0	0
40	-10	18.75	-0.320759	0	0
40	-10	31.25	0	0	0
40	-10	43.75	0	0	0
40	-10	56.25	0.277867	0	0
40	-10	68.75	-0.141296	0	0
40	-10	81.25	-0.0907391	0	0
40	-10	93.75	-0.112959	0	0
40	-10	106.25	-0.116762	0	0
40	-10	118.75	-0.0897103	0	0
40	-10	131.25	-0.247457	0	0
40	-10	143.75	0.0650637	0	0
40	-10	156.25	-0.313563	0	0
40	-10	168.75	-0.541023	0	0
40	-10	181.25	-0.526612	0	0
40	-10	193.75	-0.814392	0	0
40	-10	206.25	-1.22784	0	0
40	-10	218.75	-1.90413	0	0
40	-10	231.25	-2.19557	0	0
40	-10	243.75	-3.10072	0	0
40	5	-243.75	0	0	0
40	5	-231.25	-0.651903	0	0
40	5	-218.75	-0.327283	0	0
40	5	-206.25	-0.188869	0	0
40	5	-193.75	0.0657136	0	0
40	5	-181.25	0.358733	0	0
40	5	-168.75	0.339454	0	0
40	5	-156.25	0.529159	0	0
40	5	-143.75	1.45778	0	0
40	5	-131.25	0.71391	0	0
40	5	-118.75	0.550401	0	0
40	5	-106.25	0.19482	0	0
40	5	-93.75	-0.173636	0	0
40	5	-81.25	0.0203918	0	0
40	5	-68.75	0.12864	0	0
40	5	-56.25	0.121039	0	0
40	5	-43.75	0	0	0
40	5	-31.25	-0.792762	0	0
40	5	-18.75	0.595319	0	0
40	5	-6.25	0.593438	0	0
40	5	6.25	0.631001	0	0
40	5	18.75	-0.398792	0	0
40	5	31.25	0	0	0
40	5	43.75	0	0	0
40	5	56.25	0.419828	0	0
40	5	68.75	-0.0227098	0	0
40	5	81.25	0.00839748	0	0
40	5	93.75	-0.0121236	0	0
40	5	106.25	-0.029893	0	0
40	5	118.75	-0.0403675	0	0
40	5	131.25	-0.247813	0	0
40	5	143.75	-0.00193856	0	0
40	5	156.25	-0.409955	0	0
40	5	168.75	-0.628341	0	0
40	5	181.25	-0.766818	0	0
40	5	193.75	-1.25101	0	0
40	5	206.25	-1.36037	0	0
40	5	218.75	-2.21484	0	0
40	5	231.25	-2.45551	0	0
40	5	243.75	-3.11396	0	0
40	20	-243.75	0	0	0
40	20	-231.25	-0.89591	0	0
40	20	-218.75	-0.477919	0	0
40	20	-206.25	-0.296108	0	0
40	20	-193.75	0.031574	0	0
40	20	-181.25	0.349353	0	0
40	20	-168.75	0.446221	0	0
40	20	-156.25	0.62695	0	0
40	20	-143.75	1.39522	0	0
40	20	-131.25	0.701855	0	0
40	20	-118.75	0.633996	0	0
40	20	-106.25	0.275311	0	0
40	20	-93.75	-0.103222	0	0
40	20	-81.25	0.0738619	0	0
40	20	-68.75	0.260868	0	0
40	20	-56.25	0.24428	0	0
40	20	-43.75	0	0	0
40	20	-31.25	-0.741752	0	0
40	20	-18.75	0.675459	0	0
40	20	-6.25	0.6735	0	0
40	20	6.25	0.722755	0	0
40	20	18.75	-0.430974	0	0
40	20	31.25	0	0	0
40	20	43.75	0	0	0
40	20	56.25	0.514841	0	0
40	20	68.75	0.0813912	0	0
40	20	81.25	0.110562	0	0
40	20	93.75	0.0543943	0	0
40	20	106.25	-0.015342	0	0
40	20	118.75	-0.00178427	0	0
40	20	131.25	-0.271969	0	0
40	20	143.75	-0.0462447	0	0
40	20	156.25	-0.468518	0	0
40	20	168.75	-0.699271	0	0
40	20	181.25	-0.938947	0	0
40	20	193.75	-1.43607	0	0
40	20	206.25	-1.53295	0	0
40	20	218.75	-2.43853	0	0
40	20	231.25	-2.68468	0	0
40	20	243.75	-3.36472	0	0
40	35	-243.75	0	0	0
40	35	-231.25	-0.679438	0	0
40	35	-218.75	-0.405507	0	0
40	35	-206.25	-0.117395	0	0
40	35	-193.75	0.0383329	0	0
40	35	-181.25	0.357819	0	0
40	35	-168.75	0.908764	0	0
40	35	-156.25	0.843709	0	0
40	35	-143.75	1.11579	0	0
40	35	-131.25	0.652041	0	0
40	35	-118.75	0.600119	0	0
40	35	-106.25	0.300568	0	0
40	35	-93.75	-0.217448	0	0
40	35	-81.25	0.0591505	0	0
40	35	-68.75	0.20183	0	0
40	35	-56.25	0.216063	0	0
40	35	-43.75	0	0	0
40	35	-31.25	-3.25635	0	0
40	35	-18.75	0	0	0
40	35	-6.25	0.920041	0	0
40	35	6.25	0.920041	0	0
40	35	18.75	-0.446528	0	0
40	35	31.25	0	0	0
40	35	43.75	0	0	0
40	35	56.25	0.475168	0	0
40	35	68.75	0.128196	0	0
40	35	81.25	0.1632	0	0
40	35	93.75	-0.015304	0	0
40	35	106.25	0.0690754	0	0
40	35	118.75	0.0134223	0	0
40	35	131.25	-0.257378	0	0
40	35	143.75	0.0695778	0	0
40	35	156.25	-0.467877	0	0
40	35	168.75	-0.76233	0	0
40	35	181.25	-0.952275	0	0
40	35	193.75	-1.43803	0	0
40	35	206.25	-1.50977	0	0
40	35	218.75	-2.3257	0	0
40	35	231.25	-2.47262	0	0
40	35	243.75	-3.13428	0	0
50	-25	-243.75	-0.580505	0	0
50	-25	-231.25	-0.0386859	0	0
50	-25	-218.75	0.0455066	0	0
50	-25	-206.25	-0.156339	0	0
50	-25	-193.75	0.482746	0	0
50	-25	-181.25	0.413611	0	0
50	-25	-168.75	0.124339	0	0
50	-25	-156.25	0.159201	0	0
50	-25	-143.75	1.42976	0	0
50	-25	-131.25	1.42404	0	0
50	-25	-118.75	0.666034	0	0
50	-25	-106.25	0.349779	0	0
50	-25	-93.75	0.163777	0	0
50	-25	-81.25	0.323189	0	0
50	-25	-68.75	0.79054	0	0
50	-25	-56.25	0	0	0
50	-25	-43.75	0	0	0
50	-25	-31.25	-0.0644895	0	0
50	-25	-18.75	0.405307	0	0
50	-25	-6.25	0.220685	0	0
50	-25	6.25	0.412047	0	0
50	-25	18.75	0.421734	0	0
50	-25	31.25	-0.822318	0	0
50	-25	43.75	-0	0	0
50	-25	56.25	0	0	0
50	-25	68.75	0.829316	0	0
50	-25	81.25	0.319948	0	0
50	-25	93.75	0.361688	0	0
50	-25	106.25	0.0437048	0	0
50	-25	118.75	-0.152864	0	0
50	-25	131.25	-0.001468	0	0
50	-25	143.75	-0.629585	0	0
50	-25	156.25	-0.833188	0	0
50	-25	168.75	-1.66973	0	0
50	-25	181.25	-1.68357	0	0
50	-25	193.75	-2.95143	0	0
50	-25	206.25	-2.95143	0	0
50	-25	218.75	-0	0	0
50	-25	231.25	-4.90987	0	0
50	-25	243.75	-0	0	0
50	-10	-243.75	-0.455245	0	0
50	-10	-231.25	0.270383	0	0
50	-10	-218.75	0.424622	0	0
50	-10	-206.25	0.0139936	0	0
50	-10	-193.75	0.398779	0	0
50	-10	-181.25	0.367875	0	0
50	-10	-168.75	0.0404745	0	0
50	-10	-156.25	0.109092	0	0
50	-10	-143.75	1.05023	0	0
50	-10	-131.25	0.841323	0	0
50	-10	-118.75	0.609349	0	0
50	-10	-106.25	0.17857	0	0
50	-10	-93.75	0.0543974	0	0
50	-10	-81.25	0.0838296	0	0
50	-10	-68.75	0.839177	0	0
50	-10	-56.25	0	0	0
50	-10	-43.75	0	0	0
50	-10	-31.25	0.124701	0	0
50	-10	-18.75	0.753646	0	0
50	-10	-6.25	0.0325862	0	0
50	-10	6.25	0.451486	0	0
50	-10	18.75	0.470808	0	0
50	-10	31.25	-0.607366	0	0
50	-10	43.75	-0.607366	0	0
50	-10	56.25	0	0	0
50	-10	68.75	0.47818	0	0
50	-10	81.25	0.0536556	0	0
50	-10	93.75	0.203142	0	0
50	-10	106.25	0.0773008	0	0
50	-10	118.75	-0.0659355	0	0
50	-10	131.25	0.264281	0	0
50	-10	143.75	-0.0592939	0	0
50	-10	156.25	0.145008	0	0
50	-10	168.75	-0.354487	0	0
50	-10	181.25	-0.142699	0	0
50	-10	193.75	-0.215625	0	0
50	-10	206.25	-0.628337	0	0
50	-10	218.75	-2.90685	0	0
50	-10	231.25	-2.90685	0	0
50	-10	243.75	-3.40736	0	0
50	5	-243.75	-0.625431	0	0
50	5	-231.25	0.0182443	0	0
50	5	-218.75	0.155917	0	0
50	5	-206.25	-0.118447	0	0
50	5	-193.75	0.338223	0	0
50	5	-181.25	0.327152	0	0
50	5	-168.75	0.0219398	0	0
50	5	-156.25	0.346986	0	0
50	5	-143.75	1.14659	0	0
50	5	-131.25	0.748956	0	0
50	5	-118.75	0.532538	0	0
50	5	-106.25	0.268527	0	0
50	5	-93.75	0.115544	0	0
50	5	-81.25	0.113302	0	0
50	5	-68.75	0.935121	0	0
50	5	-56.25	0	0	0
50	5	-43.75	0	0	0
50	5	-31.25	0.448361	0	0
50	5	-18.75	1.00707	0	0
50	5	-6.25	0.0517589	0	0
50	5	6.25	0.290703	0	0
50	5	18.75	0.364004	0	0
50	5	31.25	-0.625031	0	0
50	5	43.75	-0.708485	0	0
50	5	56.25	0	0	0
50	5	68.75	0.652133	0	0
50	5	81.25	0.21254	0	0
50	5	93.75	0.369502	0	0
50	5	106.25	0.177915	0	0
50	5	118.75	-0.0344439	0	0
50	5	131.25	0.187941	0	0
50	5	143.75	-0.281981	0	0
50	5	156.25	-0.111579	0	0
50	5	168.75	-0.736149	0	0
50	5	181.25	-0.606598	0	0
50	5	193.75	-0.717093	0	0
50	5	206.25	-3.02067	0	0
50	5	218.75	-3.16169	0	0
50	5	231.25	-3.09043	0	0
50	5	243.75	-3.79605	0	0
50	20	-243.75	-0.710317	0	0
50	20	-231.25	-0.13232	0	0
50	20	-218.75	-0.0134194	0	0
50	20	-206.25	-0.232791	0	0
50	20	-193.75	0.327361	0	0
50	20	-181.25	0.296547	0	0
50	20	-168.75	-0.0287258	0	0
50	20	-156.25	0.450325	0	0
50	20	-143.75	0.66203	0	0
50	20	-131.25	0.781327	0	0
50	20	-118.75	0.505914	0	0
50	20	-106.25	0.289549	0	0
50	20	-93.75	0.108279	0	0
50	20	-81.25	0.147903	0	0
50	20	-68.75	0.523497	0	0
50	20	-56.25	0	0	0
50	20	-43.75	0	0	0
50	20	-31.25	0.555284	0	0
50	20	-18.75	0.796048	0	0
50	20	-6.25	0.0830325	0	0
50	20	6.25	0.216857	0	0
50	20	18.75	0.228073	0	0
50	20	31.25	-0.826439	0	0
50	20	43.75	-0.826439	0	0
50	20	56.25	0	0	0
50	20	68.75	0.723532	0	0
50	20	81.25	0.29258	0	0
50	20	93.75	0.429243	0	0
50	20	106.25	0.183827	0	0
50	20	118.75	-0.0650645	0	0
50	20	131.25	0.133079	0	0
50	20	143.75	-0.44876	0	0
50	20	156.25	-0.289806	0	0
50	20	168.75	-0.985261	0	0
50	20	181.25	-0.939775	0	0
50	20	193.75	-1.07712	0	0
50	20	206.25	-3.34503	0	0
50	20	218.75	-3.49852	0	0
50	20	231.25	-3.40316	0	0
50	20	243.75	-4.03669	0	0
50	35	-243.75	-0.545092	0	0
50	35	-231.25	0.00490137	0	0
50	35	-218.75	0.121706	0	0
50	35	-206.25	-0.207018	0	0
50	35	-193.75	0.357708	0	0
50	35	-181.25	0.240535	0	0
50	35	-168.75	0.311775	0	0
50	35	-156.25	0.161101	0	0
50	35	-143.75	0.615311	0	0
50	35	-131.25	0	0	0
50	35	-118.75	0.294529	0	0
50	35	-106.25	0.273629	0	0
50	35	-93.75	0.0231277	0	0
50	35	-81.25	0.270572	0	0
50	35	-68.75	0.871786	0	0
50	35	-56.25	0	0	0
50	35	-43.75	0	0	0
50	35	-31.25	0.550334	0	0
50	35	-18.75	0.797141	0	0
50	35	-6.25	-0.0367358	0	0
50	35	6.25	0.137261	0	0
50	35	18.75	0.155036	0	0
50	35	31.25	-1.00959	0	0
50	35	43.75	-1.00959	0	0
50	35	56.25	0	0	0
50	35	68.75	0.77988	0	0
50	35	81.25	0.0836645	0	0
50	35	93.75	0.152208	0	0
50	35	106.25	0.134084	0	0
50	35	118.75	-0.143702	0	0
50	35	131.25	0.102219	0	0
50	35	143.75	-0.524823	0	0
50	35	156.25	-0.392302	0	0
50	35	168.75	-1.05567	0	0
50	35	181.25	-0.761225	0	0
50	35	193.75	-0.913471	0	0
50	35	206.25	-3.35549	0	0
50	35	218.75	-3.5704	0	0
50	35	231.25	-3.62134	0	0
50	35	243.75	-4.26913	0	0
60	-25	-243.75	0	0	0
60	-25	-231.25	-0.590302	0	0
60	-25	-218.75	-0.202195	0	0
60	-25	-206.25	0.0480033	0	0
60	-25	-193.75	0.24857	0	0
60	-25	-181.25	0.0865626	0	0
60	-25	-168.75	0.0217568	0	0
60	-25	-156.25	0.994227	0	0
60	-25	-143.75	0.985676	0	0
60	-25	-131.25	1.1508	0	0
60	-25	-118.75	0.199423	0	0
60	-25	-106.25	0.185503	0	0
60	-25	-93.75	0.357859	0	0
60	-25	-81.25	0.0476369	0	0
60	-25	-68.75	0	0	0
60	-25	-56.25	0	0	0
60	-25	-43.75	0	0	0
60	-25	-31.25	0.321085	0	0
60	-25	-18.75	0.39435	0	0
60	-25	-6.25	0.378373	0	0
60	-25	6.25	0.298434	0	0
60	-25	18.75	0.40392	0	0
60	-25	31.25	0.3967	0	0
60	-25	43.75	-0.319822	0	0
60	-25	56.25	0	0	0
60	-25	68.75	0	0	0
60	-25	81.25	0.66147	0	0
60	-25	93.75	0.063761	0	0
60	-25	106.25	0.101822	0	0
60	-25	118.75	-0.139992	0	0
60	-25	131.25	-0.306475	0	0
60	-25	143.75	-0.441808	0	0
60	-25	156.25	-1.17985	0	0
60	-25	168.75	-1.19816	0	0
60	-25	181.25	-2.91555	0	0
60	-25	193.75	-2.91555	0	0
60	-25	206.25	-3.22478	0	0
60	-25	218.75	0	0	0
60	-25	231.25	0	0	0
60	-25	243.75	0	0	0
60	-10	-243.75	-0.394298	0	0
60	-10	-231.25	-0.312133	0	0
60	-10	-218.75	0.00732819	0	0
60	-10	-206.25	0.192968	0	0
60	-10	-193.75	0.266332	0	0
60	-10	-181.25	-0.22075	0	0
60	-10	-168.75	-0.112742	0	0
60	-10	-156.25	0.399517	0	0
60	-10	-143.75	0.00222448	0	0
60	-10	-131.25	0.585451	0	0
60	-10	-118.75	0.0812735	0	0
60	-10	-106.25	0.110245	0	0
60	-10	-93.75	0.109015	0	0
60	-10	-81.25	0.0510009	0	0
60	-10	-68.75	0	0	0
60	-10	-56.25	0	0	0
60	-10	-43.75	0	0	0
60	-10	-31.25	0.301777	0	0
60	-10	-18.75	0.405721	0	0
60	-10	-6.25	0.0672927	0	0
60	-10	6.25	0.0829369	0	0
60	-10	18.75	0.438693	0	0
60	-10	31.25	0.461913	0	0
60	-10	43.75	-0.836279	0	0
60	-10	56.25	-0	0	0
60	-10	68.75	0	0	0
60	-10	81.25	0.928102	0	0
60	-10	93.75	0.020865	0	0
60	-10	106.25	0.13546	0	0
60	-10	118.75	-0.0638661	0	0
60	-10	131.25	-0.132213	0	0
60	-10	143.75	0.0693393	0	0
60	-10	156.25	-0.362663	0	0
60	-10	168.75	0.134889	0	0
60	-10	181.25	-0.639059	0	0
60	-10	193.75	-0.62173	0	0
60	-10	206.25	-2.00682	0	0
60	-10	218.75	-2.00682	0	0
60	-10	231.25	0	0	0
60	-10	243.75	0	0	0
60	5	-243.75	-0.312589	0	0
60	5	-231.25	-0.376447	0	0
60	5	-218.75	-0.224771	0	0
60	5	-206.25	0.127291	0	0
60	5	-193.75	0.153293	0	0
60	5	-181.25	-0.133926	0	0
60	5	-168.75	-0.252358	0	0
60	5	-156.25	0.477824	0	0
60	5	-143.75	-0.0975285	0	0
60	5	-131.25	0.571074	0	0
60	5	-118.75	0.112873	0	0
60	5	-106.25	0.0716604	0	0
60	5	-93.75	0.15571	0	0
60	5	-81.25	0.0530128	0	0
60	5	-68.75	0	0	0
60	5	-56.25	0	0	0
60	5	-43.75	0	0	0
60	5	-31.25	0.364962	0	0
60	5	-18.75	0.502156	0	0
60	5	-6.25	-0.00342793	0	0
60	5	6.25	-0.0335906	0	0
60	5	18.75	0.355799	0	0
60	5	31.25	0.386075	0	0
60	5	43.75	-0.855937	0	0
60	5	56.25	-0	0	0
60	5	68.75	0	0	0
60	5	81.25	0.471772	0	0
60	5	93.75	0.0931131	0	0
60	5	106.25	0.202698	0	0
60	5	118.75	-0.0756096	0	0
60	5	131.25	-0.252987	0	0
60	5	143.75	-0.230756	0	0
60	5	156.25	-0.868891	0	0
60	5	168.75	-0.671484	0	0
60	5	181.25	-1.38021	0	0
60	5	193.75	-1.38021	0	0
60	5	206.25	-2.81644	0	0
60	5	218.75	-4.42067	0	0
60	5	231.25	-4.42067	0	0
60	5	243.75	-0	0	0
60	20	-243.75	-0.176187	0	0
60	20	-231.25	-0.428001	0	0
60	20	-218.75	-0.290895	0	0
60	20	-206.25	0.0247022	0	0
60	20	-193.75	0.116486	0	0
60	20	-181.25	-0.273671	0	0
60	20	-168.75	-0.215942	0	0
60	20	-156.25	0.472264	0	0
60	20	-143.75	0.168399	0	0
60	20	-131.25	0.877822	0	0
60	20	-118.75	0.184142	0	0
60	20	-106.25	0.109592	0	0
60	20	-93.75	0.108601	0	0
60	20	-81.25	0.174112	0	0
60	20	-68.75	0	0	0
60	20	-56.25	0	0	0
60	20	-43.75	0	0	0
60	20	-31.25	0.411583	0	0
60	20	-18.75	0.52549	0	0
60	20	-6.25	-0.0444226	0	0
60	20	6.25	-0.103805	0	0
60	20	18.75	0.254803	0	0
60	20	31.25	0.325046	0	0
60	20	43.75	-0.307897	0	0
60	20	56.25	0	0	0
60	20	68.75	0	0	0
60	20	81.25	0.51325	0	0
60	20	93.75	0.0763042	0	0
60	20	106.25	0.15689	0	0
60	20	118.75	-0.150412	0	0
60	20	131.25	-0.313218	0	0
60	20	143.75	-0.41705	0	0
60	20	156.25	-1.09943	0	0
60	20	168.75	-0.95332	0	0
60	20	181.25	-1.92048	0	0
60	20	193.75	-1.92048	0	0
60	20	206.25	-3.30027	0	0
60	20	218.75	-4.81913	0	0
60	20	231.25	-4.81913	0	0
60	20	243.75	-0	0	0
60	35	-243.75	0	0	0
60	35	-231.25	0	0	0
60	35	-218.75	-0.29253	0	0
60	35	-206.25	0.0247132	0	0
60	35	-193.75	0.0633035	0	0
60	35	-181.25	0.361268	0	0
60	35	-168.75	0	0	0
60	35	-156.25	0	0	0
60	35	-143.75	0	0	0
60	35	-131.25	0	0	0
60	35	-118.75	0.566896	0	0
60	35	-106.25	0.0928762	0	0
60	35	-93.75	0.117176	0	0
60	35	-81.25	0.0984689	0	0
60	35	-68.75	0	0	0
60	35	-56.25	0	0	0
60	35	-43.75	0	0	0
60	35	-31.25	0.560794	0	0
60	35	-18.75	0.219879	0	0
60	35	-6.25	-0.218814	0	0
60	35	6.25	-0.0664933	0	0
60	35	18.75	0.375967	0	0
60	35	31.25	0.470549	0	0
60	35	43.75	-0.288281	0	0
60	35	56.25	0	0	0
60	35	68.75	0	0	0
60	35	81.25	0.4428	0	0
60	35	93.75	0.114002	0	0
60	35	106.25	0.241857	0	0
60	35	118.75	-0.195328	0	0
60	35	131.25	-0.336528	0	0
60	35	143.75	-0.342505	0	0
60	35	156.25	-1.10616	0	0
60	35	168.75	-0.920618	0	0
60	35	181.25	-1.70385	0	0
60	35	193.75	-1.70385	0	0
60	35	206.25	-3.07007	0	0
60	35	218.75	-4.48568	0	0
60	35	231.25	-4.48568	0	0
60	35	243.75	-0	0	0
